Last position-specific scoring matrix computed, weighted observed percentages rounded down, information per position, and relative weight of gapless real matches to pseudocounts
            A   R   N   D   C   Q   E   G   H   I   L   K   M   F   P   S   T   W   Y   V   A   R   N   D   C   Q   E   G   H   I   L   K   M   F   P   S   T   W   Y   V
    1 V     0  -3  -3  -4  -1  -2  -3  -4  -3   3   1  -3   1  -1  -3  -2   0  -3  -1   4    0   0   0   0   0   0   0   0   0   0   0   0   0   0   0   0   0   0   0 100  0.35 0.00
    2 G    -1  -1   4   0  -3  -1  -1   4  -1  -4  -4  -1  -3  -3  -2   0  -1  -3  -3  -3    0   0  50   0   0   0   0  50   0   0   0   0   0   0   0   0   0   0   0   0  0.62 0.00
    3 G     0  -3  -1  -1  -3  -2  -2   6  -2  -4  -4  -2  -3  -3  -2   0  -2  -3  -3  -4    0   0   0   0   0   0   0 100   0   0   0   0   0   0   0   0   0   0   0   0  1.05 0.01
    4 S     0   3   0  -1  -2   0   0  -1  -1  -3  -3   1  -2  -3  -1   3   1  -3  -2  -2    0  36   0   0   0   0   0   0   0   0   0   0   0   0   0  64   0   0   0   0  0.38 0.01
    5 E    -1   0   4   2  -4   1   4  -2   0  -4  -3   1  -2  -3  -2   0  -1  -3  -2  -3    0   0  34   0   0   0  66   0   0   0   0   0   0   0   0   0   0   0   0   0  0.57 0.01
    6 I    -1   1  -1   0  -3   1   3  -3  -1   1  -1   3  -1  -2  -2  -1  -1  -3  -2   0    0   0   0   0   0   0  34   0   0  30   0  36   0   0   0   0   0   0   0   0  0.21 0.00
    7 L    -2  -3  -4  -4  -2  -3  -3  -4  -3   3   2  -3   1   4  -3  -3  -1  -1   1   1    0   0   0   0   0   0   0   0   0  36  30   0   0  34   0   0   0   0   0   0  0.34 0.00
    8 F    -1  -2  -1  -2  -1  -1  -2  -2  -2  -1  -1  -1  -1   3  -2   1   4  -1   1   0    0   0   0   0   0   0   0   0   0   0   0   0   0  30   0   0  70   0   0   0  0.32 0.01
    9 E    -1   0   4   2  -4   1   4  -2   0  -4  -3   0  -2  -3  -2   0  -1  -3  -2  -3    0   0  36   0   0   0  64   0   0   0   0   0   0   0   0   0   0   0   0   0  0.56 0.01
   10 V     0  -3  -3  -4   6  -3  -3  -3  -3   2   0  -3   0  -1  -3  -2   0  -3  -2   3    0   0   0   0  36   0   0   0   0   0   0   0   0   0   0   0   0   0   0  64  0.43 0.01
   11 P    -1  -2  -2  -2  -3  -1  -1  -2  -2  -3  -3  -1  -3  -4   8  -1  -1  -4  -3  -3    0   0   0   0   0   0   0   0   0   0   0   0   0   0 100   0   0   0   0   0  2.06 0.01
   12 E     0   0   0   1  -3   1   4  -1   0  -3  -3   0  -2  -3  -1   2   0  -3  -2  -2    0   0   0   0   0   0  64   0   0   0   0   0   0   0   0  36   0   0   0   0  0.49 0.01
   13 V     0  -3  -3  -4  -1  -2  -3  -4  -3   3   1  -3   1  -1  -3  -2   0  -3  -1   4    0   0   0   0   0   0   0   0   0   0   0   0   0   0   0   0   0   0   0 100  0.36 0.01
   14 T    -1  -1   3   0  -2  -1  -1  -2  -1   0   2  -1   0  -1  -2   0   2  -3  -2   0    0   0  36   0   0   0   0   0   0   0  34   0   0   0   0   0  30   0   0   0  0.20 0.00
   15 V    -1  -1   0   4  -1  -1   0  -1  -1   0  -1  -1  -1  -1  -1   0   0  -2  -1   1    3   2   2  38   1   1   2   3   1   2   3   2   1   1   2   2   2   0   1  32  0.15 0.00
   16 A     2  -1  -1  -1  -1  -1  -1   4  -1  -2  -2  -1  -1  -2  -1   0   0  -2  -2  -1   33   2   2   2   1   1   2  38   1   2   3   2   1   1   2   2   2   0   1   2  0.27 0.00
   17 P    -1   3  -1  -1  -2   0   0  -1  -1  -2  -2   1  -1  -2   5   0  -1  -2  -1  -2    3  37   2   2   1   1   2   3   1   2   3   2   1   1  32   2   2   0   1   2  0.49 0.00
   18 V    -1  -2  -2  -2  -1  -1  -1  -2  -2   1   0  -2   0   0  -1  -1  -1   8   1   1    3   2   2   2   1   1   2   3   1   2   3   2   1   1   2   2   2  36   1  32  0.53 0.00
   19 H    -1   0   0  -1  -2   0   0  -1   7  -2  -2   0  -1  -1  -1  -1  -1  -1   1  -2    3   2   2   2   1   1   2   3  66   2   3   2   1   1   2   2   2   0   1   2  0.45 0.01
   20 I    -1  -2  -2  -2  -1  -2  -2  -2  -2   4   1  -2   1   0  -1  -1   0  -2  -1   2    3   2   2   2   1   1   2   3   1  67   3   2   1   1   2   2   2   0   1   2  0.14 0.00
   21 C     2  -1  -1  -1   6  -1  -1  -1  -1  -1  -1  -1  -1  -2  -1   0   0  -2  -1   0   38   2   2   2  31   1   2   3   1   2   3   2   1   1   2   2   2   0   1   2  0.25 0.00
   22 T     0  -1  -1  -1  -1  -1  -1  -2  -2   2   0  -1   0  -1  -1   0   2  -2  -1   1    3   2   2   2   1   1   2   3   1  37   3   2   1   1   2   2  32   0   1   2  0.09 0.00
   23 S     0  -1   0   0  -1   0   0  -1  -1  -1  -1   0  -1  -2   0   2   3  -2  -1  -1    3   2   2   2   1   1   2   3   1   2   3   2   1   1   2  32  38   0   1   2  0.21 0.00
   24 W    -2  -2  -2  -2  -2  -1  -2  -2  -2  -2  -1  -2  -1   1  -2  -2  -1  10   2  -2    3   2   2   2   1   1   2   3   1   2   3   2   1   1   2   2   2  66   1   2  1.26 0.01
   25 E    -1  -1   0   1  -3   1   4  -2  -1  -2  -2   0  -2  -3  -1   1   3  -3  -2  -2    0   0   0   0   0   0  64   0   0   0   0   0   0   0   0   0  36   0   0   0  0.46 0.01
   26 S     1   0   0   0  -2   3   1  -1   0  -3  -3   0  -1  -3  -1   3   1  -3  -2  -2    0   0   0   0   0  34   0   0   0   0   0   0   0   0   0  66   0   0   0   0  0.39 0.01
   27 A     3  -2  -2  -3  -1  -1  -2  -1  -2   0   2  -1   0  -1  -2   0   0  -2  -2   0   66   0   0   0   0   0   0   0   0   0  34   0   0   0   0   0   0   0   0   0  0.22 0.01
   28 S     0  -1   4   0  -2   0   0   0   0  -3  -3   0  -2  -3  -1   3   1  -3  -2  -2    0   0  36   0   0   0   0   0   0   0   0   0   0   0   0  64   0   0   0   0  0.43 0.01
   29 G     0  -3  -1  -1  -3  -2  -2   6  -2  -4  -4  -2  -3  -3  -2   0  -2  -3  -3  -4    0   0   0   0   0   0   0 100   0   0   0   0   0   0   0   0   0   0   0   0  1.05 0.01
   30 I    -2  -3  -4  -4  -1  -3  -3  -4  -3   4   3  -3   2   0  -3  -3  -1  -2  -1   2    0   0   0   0   0   0   0   0   0  66  34   0   0   0   0   0   0   0   0   0  0.37 0.01
   31 V    -1   3  -2  -3  -2  -1  -2  -3  -2   0  -1   0  -1  -1  -3  -2  -1   8   0   1    0  34   0   0   0   0   0   0   0   0   0   0   0   0   0   0   0  36   0  30  0.63 0.01
   32 E    -1   1   0   1  -4   2   4  -2   0  -3  -3   3  -2  -4  -1   0  -1  -3  -2  -3    0   0   0   0   0   0  64   0   0   0   0  36   0   0   0   0   0   0   0   0  0.55 0.01
   33 F    -1  -3  -3  -4  -2  -3  -3  -3  -2   1   1  -3   0   6  -3  -2  -1   0   2   2    0   0   0   0   0   0   0   0   0   0   0   0   0  64   0   0   0   0   0  36  0.43 0.01
   34 W    -3  -3  -3  -4  -3  -2  -3  -3   0  -2  -2  -3  -1   2  -4  -3  -2  10   5  -2    0   0   0   0   0   0   0   0   0   0   0   0   0   0   0   0   0  64  36   0  1.57 0.02
   35 V    -1  -2  -3  -3  -1  -2  -3  -4  -3   3   2  -2   4   0  -3  -2  -1  -2  -1   3    0   0   0   0   0   0   0   0   0  36   0   0  34   0   0   0   0   0   0  30  0.29 0.01
   36 D    -2  -2   1   6  -4   0   2  -2  -1  -4  -4  -1  -3  -4  -2   0  -1  -5  -3  -4    0   0   0 100   0   0   0   0   0   0   0   0   0   0   0   0   0   0   0   0  0.95 0.01
   37 G     0  -3  -1  -1  -3  -2  -2   6  -2  -4  -4  -2  -3  -3  -2   0  -2  -3  -3  -4    0   0   0   0   0   0   0 100   0   0   0   0   0   0   0   0   0   0   0   0  1.05 0.01
   38 K    -1   2   0  -1  -3   1   1  -2  -1  -3  -3   5  -2  -3  -1   0  -1  -3  -2  -3    0   0   0   0   0   0   0   0   0   0   0 100   0   0   0   0   0   0   0   0  0.52 0.00
   39 P    -1  -2  -2  -2  -3  -1  -1  -2  -2  -3  -3  -1  -3  -4   7  -1  -1  -4  -3  -2    0   0   0   0   0   0   0   0   0   0   0   0   0   0   0   0   0   0   0   0  0.00     0.00
   40 R    -1   6   0  -2  -3   1   0  -2   0  -3  -2   2  -1  -3  -2  -1  -1  -3  -2  -3    0   0   0   0   0   0   0   0   0   0   0   0   0   0   0   0   0   0   0   0  0.00     0.00
   41 V     0  -3  -3  -3  -1  -2  -2  -3  -3   3   1  -2   1  -1  -2  -2   0  -3  -1   4    0   0   0   0   0   0   0   0   0   0   0   0   0   0   0   0   0   0   0   0  0.00     0.00
