Last position-specific scoring matrix computed, weighted observed percentages rounded down, information per position, and relative weight of gapless real matches to pseudocounts
            A   R   N   D   C   Q   E   G   H   I   L   K   M   F   P   S   T   W   Y   V   A   R   N   D   C   Q   E   G   H   I   L   K   M   F   P   S   T   W   Y   V
    1 Q    -1   1   0   0  -3   5   2  -2   0  -3  -2   1   0  -3  -1   0  -1  -2  -1  -2    0   0   0   0   0   0   0   0   0   0   0   0   0   0   0   0   0   0   0   0  0.00     0.00
    2 N    -2   0   6   1  -3   0   0   0   1  -3  -3   0  -2  -3  -2   1   0  -4  -2  -3    0   0   0   0   0   0   0   0   0   0   0   0   0   0   0   0   0   0   0   0  0.00     0.00
    3 K    -1   2   0  -1  -3   1   1  -2  -1  -3  -2   5  -1  -3  -1   0  -1  -3  -2  -2    0   0   0   0   0   0   0   0   0   0   0   0   0   0   0   0   0   0   0   0  0.00     0.00
    4 F    -2  -3  -3  -4  -2  -3  -3  -3  -1   0   0  -3   0   6  -4  -2  -2   1   3  -1    0   0   0   0   0   0   0   0   0   0   0   0   0   0   0   0   0   0   0   0  0.00     0.00
    5 V    -1  -3  -3  -3  -1  -3  -3  -4  -3   4   1  -3   1  -1  -3  -2   0  -3  -1   4    0   0   0   0   0   0   0   0   0  50   0   0   0   0   0   0   0   0   0  50  0.35 0.00
    6 I    -1  -3  -3  -4  -1  -3  -3  -4  -3   3   3  -3   1   0  -3  -2  -1  -3  -1   3    0   0   0   0   0   0   0   0   0  32  34   0   0   0   0   0   0   0   0  34  0.33 0.01
    7 V     2  -2  -3  -3  -1  -2  -2  -2  -3   2   0  -2   0  -1  -2   0   0  -3  -2   3   34   0   0   0   0   0   0   0   0   0   0   0   0   0   0   0   0   0   0  66  0.24 0.01
    8 M    -2  -2  -3  -4  -2  -2  -3  -3  -2   1   3  -2   4   4  -3  -2  -1  -1   1   0    0   0   0   0   0   0   0   0   0   0  34   0  32  34   0   0   0   0   0   0  0.35 0.01
    9 D    -1  -1   0   3  -3   3   1  -2  -1  -1   1   0   0  -2  -2  -1  -1  -3  -2  -1    0   0   0  32   0  34   0   0   0   0  34   0   0   0   0   0   0   0   0   0  0.26 0.01
   10 D    -2  -1   4   5  -4   0   1  -1  -1  -4  -4  -1  -3  -4  -2   0  -1  -5  -3  -3    0   0  34  66   0   0   0   0   0   0   0   0   0   0   0   0   0   0   0   0  0.75 0.02
   11 A     3  -2  -2  -2  -1  -1  -1  -1  -2   1  -1  -1   0  -2  -1   0   0  -3  -2   2   66   0   0   0   0   0   0   0   0   0   0   0   0   0   0   0   0   0   0  34  0.26 0.01
   12 G     1  -2   0  -1  -2  -1  -1   5  -2  -4  -4  -1  -2  -3  -2   2   0  -3  -3  -3    0   0   0   0   0   0   0  66   0   0   0   0   0   0   0  34   0   0   0   0  0.67 0.01
   13 R    -2   5  -1  -2  -3   0  -1  -3  -1  -1   2   1   0  -1  -3  -1  -1  -3  -2  -1    0  66   0   0   0   0   0   0   0   0  34   0   0   0   0   0   0   0   0   0  0.40 0.01
   14 E    -1   1   0   0  -4   5   4  -2   0  -3  -3   1  -1  -4  -1   0  -1  -3  -2  -3    0   0   0   0   0  68  32   0   0   0   0   0   0   0   0   0   0   0   0   0  0.63 0.02
   15 N    -2  -1   4   4  -3   0   0  -1   5  -4  -4  -1  -2  -3  -2   0  -1  -4   0  -3    0   0  32  34   0   0   0   0  34   0   0   0   0   0   0   0   0   0   0   0  0.55 0.01
   16 E    -1   1   0   0  -4   5   4  -2   0  -3  -3   1  -1  -4  -1   0  -1  -3  -2  -3    0   0   0   0   0  68  32   0   0   0   0   0   0   0   0   0   0   0   0   0  0.63 0.02
   17 G     0  -3  -1  -2  -3  -2  -2   6  -2  -4  -4  -2  -3  -3  -2   0  -2  -3  -3  -4    0   0   0   0   0   0   0 100   0   0   0   0   0   0   0   0   0   0   0   0  1.08 0.02
   18 D    -1  -2   1   5  -3  -1   1  -2  -1  -2  -3  -1  -2  -3  -2   0   2  -4  -3  -2    0   0   0  66   0   0   0   0   0   0   0   0   0   0   0   0  34   0   0   0  0.58 0.01
   19 L    -2  -2  -3  -4  -2  -2  -3  -4   1   0   2  -2   0   2  -3  -2  -2   1   6  -1    0   0   0   0   0   0   0   0   0   0  32   0   0   0   0   0   0   0  68   0  0.56 0.02
   20 I    -1  -2  -2  -3  -1  -2  -2  -3  -3   3   1  -2   0  -1  -2   0   3  -3  -2   3    0   0   0   0   0   0   0   0   0  32   0   0   0   0   0   0  34   0   0  34  0.24 0.01
   21 C    -1  -4  -3  -4  10  -3  -4  -3  -3  -1  -2  -3  -2  -3  -3  -1  -1  -3  -3  -1    0   0   0   0 100   0   0   0   0   0   0   0   0   0   0   0   0   0   0   0  1.33 0.03
   22 A     2  -2  -1  -2  -1  -1  -1  -1  -2   2   0  -1   0  -2  -2   2   0  -3  -2   1   32   0   0   0   0   0   0   0   0  34   0   0   0   0   0  34   0   0   0   0  0.17 0.01
   23 A     5  -2  -2  -2  -1  -1  -1   0  -2  -2  -2  -1  -1  -3  -1   1   0  -3  -2   0  100   0   0   0   0   0   0   0   0   0   0   0   0   0   0   0   0   0   0   0  0.44 0.02
   24 E     0   0   0   0  -2   4   3  -1   0  -3  -3   1  -1  -3  -1   2   0  -3  -2  -2    0   0   0   0   0  34  32   0   0   0   0   0   0   0   0  34   0   0   0   0  0.43 0.01
   25 N    -2  -1   5   4  -3   0   0  -1   0  -4  -4   0  -3  -4  -2   0   0  -4  -3  -3    0   0  66  34   0   0   0   0   0   0   0   0   0   0   0   0   0   0   0   0  0.68 0.02
   26 V     2   0  -1  -2  -1   0  -1  -1  -2   0  -1   2   0  -2  -1   0   0  -3  -2   2   34   0   0   0   0   0   0   0   0   0   0  34   0   0   0   0   0   0   0  32  0.15 0.01
   27 S     2   0   0  -1  -1   0   0  -1  -1  -2  -2   3  -1  -3  -1   2   0  -3  -2  -1   34   0   0   0   0   0   0   0   0   0   0  34   0   0   0  32   0   0   0   0  0.28 0.01
   28 T     0  -2   0  -1  -2  -1  -1   3  -2  -2  -2  -1  -1  -3  -2   1   4  -3  -2  -1    0   0   0   0   0   0   0  34   0   0   0   0   0   0   0   0  66   0   0   0  0.42 0.01
   29 E    -1   1   0   0  -4   4   3  -2   0  -3  -3   3  -1  -4  -1   0  -1  -3  -2  -3    0   0   0   0   0  34  32   0   0   0   0  34   0   0   0   0   0   0   0   0  0.50 0.01
   30 Q     2   1  -1  -1  -2   3   1  -1  -1  -2  -2   3  -1  -3  -1   0  -1  -3  -2  -2   34   0   0   0   0  32   0   0   0   0   0  34   0   0   0   0   0   0   0   0  0.32 0.01
   31 M    -1   3  -2  -3  -2   0  -2  -3  -2   0   2   0   4  -1  -3  -2  -1  -2  -1   0    0  34   0   0   0   0   0   0   0   0  34   0  32   0   0   0   0   0   0   0  0.25 0.01
   32 A     2  -2  -1  -2   6  -1  -1  -1   5  -2  -2  -2  -1  -2  -2   0  -1  -3   0  -1   32   0   0   0  34   0   0   0  34   0   0   0   0   0   0   0   0   0   0   0  0.44 0.01
   33 F     0  -2  -1  -2   6  -2  -2  -2  -2  -1  -1  -2  -1   4  -2   2   0  -1   1  -1    0   0   0   0  34   0   0   0   0   0   0   0   0  32   0  34   0   0   0   0  0.37 0.01
   34 L     2  -2  -3  -3  -1  -2  -2  -2  -3   1   3  -2   1   0  -2  -1  -1  -2  -1   0   34   0   0   0   0   0   0   0   0   0  66   0   0   0   0   0   0   0   0   0  0.25 0.01
   35 V     0  -2  -1  -2  -1  -1  -2  -2  -2   2   0  -2   0  -1  -2   2   1  -3  -2   3    0   0   0   0   0   0   0   0   0   0   0   0   0   0   0  34   0   0   0  66  0.20 0.01
   36 R    -1   4  -1  -2  -3   0   0  -3  -1  -1   2   3   0  -2  -2  -1  -1  -3  -2  -1    0  32   0   0   0   0   0   0   0   0  34  34   0   0   0   0   0   0   0   0  0.26 0.01
   37 H    -2   0   1  -1  -3   0   0  -2   8  -4  -3  -1  -2  -1  -2  -1  -2  -3   2  -3    0   0   0   0   0   0   0   0 100   0   0   0   0   0   0   0   0   0   0   0  0.87 0.01
   38 S     1  -2  -1  -2  -1  -1  -1  -2  -2   1   0  -1   0  -2  -2   3   1  -3  -2   2    0   0   0   0   0   0   0   0   0   0   0   0   0   0   0  50   0   0   0  50  0.18 0.00
   39 S     1  -1   1   0  -1   0   0   0  -1  -3  -3   0  -2  -3  -1   4   2  -3  -2  -2    0   0   0   0   0   0   0   0   0   0   0   0   0   0   0 100   0   0   0   0  0.46 0.00
   40 G     0  -3   0  -1  -3  -2  -2   6  -2  -4  -4  -2  -3  -3  -2   0  -2  -3  -3  -3    0   0   0   0   0   0   0 100   0   0   0   0   0   0   0   0   0   0   0   0  1.04 0.00
   41 Y    -2  -2  -2  -3  -2  -1  -2  -3   2  -1  -1  -2  -1   3  -3  -2  -2   2   7  -1    0   0   0   0   0   0   0   0   0   0   0   0   0   0   0   0   0   0   0   0  0.00     0.00