Last position-specific scoring matrix computed, weighted observed percentages rounded down, information per position, and relative weight of gapless real matches to pseudocounts
            A   R   N   D   C   Q   E   G   H   I   L   K   M   F   P   S   T   W   Y   V   A   R   N   D   C   Q   E   G   H   I   L   K   M   F   P   S   T   W   Y   V
    1 V     0  -2  -3  -3  -1  -2  -2  -3  -3   3   1  -2   1  -1  -2  -2   0  -3  -1   4    0   0   0   0   0   0   0   0   0   0   0   0   0   0   0   0   0   0   0   0  0.00     0.00
    2 L    -1  -2  -3  -4  -1  -2  -3  -4  -3   2   4  -2   2   0  -3  -2  -1  -2  -1   1    0   0   0   0   0   0   0   0   0   0   0   0   0   0   0   0   0   0   0   0  0.00     0.00
    3 F    -2  -3  -3  -4  -3  -3  -3  -3  -1   0   0  -3   0   7  -4  -3  -2   1   3  -1    0   0   0   0   0   0   0   0   0   0   0   0   0 100   0   0   0   0   0   0  0.74 0.00
    4 A     3  -2  -2  -3   7  -2  -2  -1  -2  -1  -2  -2  -1  -3  -2   0   0  -3  -2  -1   50   0   0   0  50   0   0   0   0   0   0   0   0   0   0   0   0   0   0   0  0.56 0.00
    5 R    -1   4   0  -2  -3   0  -1   4  -1  -4  -3   1  -2  -3  -2  -1  -1  -3  -2  -3    0  50   0   0   0   0   0  50   0   0   0   0   0   0   0   0   0   0   0   0  0.56 0.00
    6 L    -2  -2  -4  -4  -1  -2  -3  -4  -3   2   4  -3   2   0  -3  -3  -1  -2  -1   1    0   0   0   0   0   0   0   0   0   0 100   0   0   0   0   0   0   0   0   0  0.46 0.00
    7 F    -2  -3  -3  -4  -3  -3  -3  -3  -1   0   0  -3   0   7  -4  -3  -2   1   3  -1    0   0   0   0   0   0   0   0   0   0   0   0   0 100   0   0   0   0   0   0  0.74 0.00
    8 A     3  -2  -3  -3  -1  -2  -2  -1  -2   0   2  -2   1  -1  -2   0  -1  -2  -2   0   50   0   0   0   0   0   0   0   0   0  50   0   0   0   0   0   0   0   0   0  0.20 0.00
    9 L    -2  -2  -4  -4  -1  -2  -3  -4  -3   2   4  -3   2   0  -3  -3  -1  -2  -1   1    0   0   0   0   0   0   0   0   0   0 100   0   0   0   0   0   0   0   0   0  0.46 0.00
   10 E    -1  -1  -1   0  -3   1   4  -2  -1  -3  -3   0  -2  -4   6  -1  -1  -4  -3  -3    0   0   0   0   0   0  50   0   0   0   0   0   0   0  50   0   0   0   0   0  1.01 0.00
   11 P     0  -2  -1  -2  -3  -2  -2   4  -2  -3  -4  -1  -3  -4   6  -1  -1  -3  -3  -3    0   0   0   0   0   0   0  50   0   0   0   0   0   0  50   0   0   0   0   0  1.09 0.00
   12 D    -2  -2   0   4  -3  -2   0  -2  -1  -1  -1  -2  -1   5  -3  -1  -2  -1   1  -2    0   0   0  50   0   0   0   0   0   0   0   0   0  50   0   0   0   0   0   0  0.43 0.00
   13 L     3  -2  -3  -3  -1  -2  -2  -1  -2   0   2  -2   1  -1  -2   0  -1  -2  -2   0   50   0   0   0   0   0   0   0   0   0  50   0   0   0   0   0   0   0   0   0  0.20 0.00
   14 L    -2  -3  -4  -4  -1  -3  -3  -4  -3   3   4  -3   2   0  -3  -3  -1  -2  -1   2    0   0   0   0   0   0   0   0   0  35  65   0   0   0   0   0   0   0   0   0  0.39 0.01
   15 P    -1  -1  -2  -1  -3   3   0  -2  -1  -3  -3   0  -2  -4   7  -1  -1  -3  -3  -3    0   0   0   0   0  30   0   0   0   0   0   0   0   0  70   0   0   0   0   0  1.37 0.03
   16 L    -2  -3  -4  -4  -1  -3  -3  -4  -3   3   4  -3   2   0  -3  -3  -1  -2  -1   1    0   0   0   0   0   0   0   0   0  30  70   0   0   0   0   0   0   0   0   0  0.42 0.02
   17 F    -2  -1   2  -1  -3   3   0  -2  -1  -2  -2  -1  -1   3  -3  -1  -1   8   1  -2    0   0  23   0   0  30   0   0   0   0   0   0   0  20   0   0   0  27   0   0  0.56 0.02
   18 Q    -1  -1  -1  -1   6   2   2   2  -1  -3  -3   0  -2  -3  -2   0  -1  -3  -2  -2    0   0   0   0  30  20  27  23   0   0   0   0   0   0   0   0   0   0   0   0  0.41 0.02
   19 Y    -2  -2  -3  -4  -2  -2  -3  -4   1  -1   1  -2   0   3  -3  -2  -2   2   7  -1    0   0   0   0   0   0   0   0   0   0  23   0   0   0   0   0   0   0  77   0  0.68 0.03
   20 N    -1  -1   4   0  -3   3   0   2   0  -3  -3   0  -2  -4   4   0  -1  -3  -3  -3    0   0  34   0   0  24   0  18   0   0   0   0   0   0  24   0   0   0   0   0  0.53 0.02
   21 C    -1  -4  -3  -4  10  -3  -4  -3  -4  -2  -2  -4  -2  -3  -3  -1  -1  -3  -3  -1    0   0   0   0 100   0   0   0   0   0   0   0   0   0   0   0   0   0   0   0  1.46 0.06
   22 R    -2   5  -1  -1  -4   1   2  -3   0  -3  -3   2  -2  -3  -2  -1  -1  -3  -2  -3    0  76   0   0   0   0  24   0   0   0   0   0   0   0   0   0   0   0   0   0  0.67 0.03
   23 Q     1   0   0   0  -2   2   2  -1   4  -3  -3   0  -2  -3  -1   2   0  -3  -1  -2   20   0   0   0   0  14  24   0  18   0   0   0   0   0   0  24   0   0   0   0  0.31 0.02
   24 F    -2  -1  -3  -3  -2  -2  -2  -3  -2   0   2   1   0   5  -3  -2  -2   0   2  -1    0   0   0   0   0   0   0   0   0   0  24  20   0  56   0   0   0   0   0   0  0.35 0.02
   25 S     0   0   0   0  -2   4   1  -1   0  -3  -3   0  -1  -3  -1   3   1  -3  -2  -2    0   0   0   0   0  42   0   0   0   0   0   0   0   0   0  58   0   0   0   0  0.44 0.03
   26 S     0  -1   0   0  -2   0   2  -1  -1  -1   1   0   0  -2  -1   3   0  -3  -2  -1    0   0   0   0   0   0  24   0   0   0  24   0   0   0   0  52   0   0   0   0  0.21 0.02
   27 P    -1  -2   3  -1   4  -1  -1  -2  -2  -3  -3  -1  -3  -4   6  -1  -1  -4  -3  -2    0   0  24   0  18   0   0   0   0   0   0   0   0   0  58   0   0   0   0   0  1.09 0.03
   28 E    -1   0   3   1  -3   3   3  -1   0  -3  -3   1  -2  -3  -1   1   0  -3  -2  -3    0   0  24   0   0  24  34   0   0   0   0   0   0   0   0  18   0   0   0   0  0.44 0.02
   29 D    -1   0   0   4  -4   4   3  -2   0  -3  -3   0  -2  -4  -2   0  -1  -3  -2  -3    0   0   0  38   0  42  20   0   0   0   0   0   0   0   0   0   0   0   0   0  0.60 0.03
   30 C    -1  -4  -3  -4   8  -3  -4  -3  -3   2   0  -3   0  -2  -3  -2  -1  -3  -2   2    0   0   0   0  56   0   0   0   0  24   0   0   0   0   0   0   0   0   0  20  0.68 0.03
   31 L    -1  -2  -2  -2  -1  -2  -2  -2  -2   2   3  -2   1   0  -2  -2  -1  -1  -1   1    2   1   1   1   0   1   2   2   1  21  58   1   1   1   1   2   1   0   1   2  0.22 0.01
   32 S     1  -1   0  -1  -1   0   0  -1  -1  -2  -2   0  -2  -3  -1   4   3  -3  -2  -1    0   0   0   0   0   0   0   0   0   0   0   0   0   0   0  76  24   0   0   0  0.45 0.03
   33 S     2  -1   0  -1  -1  -1  -1  -1  -1  -2  -2  -1  -1  -2  -1   3   3  -3  -2  -1   26   0   0   0   0   0   0   0   0   0   0   0   0   0   0  45  29   0   0   0  0.34 0.01
   34 P    -1  -2  -1   3  -3  -1   0  -2  -2  -3  -3  -1  -3  -4   7  -1  -1  -4  -3  -3    0   0   0  29   0   0   0   0   0   0   0   0   0   0  71   0   0   0   0   0  1.41 0.02
   35 E    -1  -1  -1   1  -4   1   5  -2  -1  -3  -3   0  -2  -4   4   0  -1  -3  -3  -3    0   0   0   0   0   0  74   0   0   0   0   0   0   0  26   0   0   0   0   0  0.77 0.02
   36 F    -2  -2   3  -1  -3  -2  -2  -2  -1  -1   0  -2  -1   6  -3  -1  -2   0   2  -1    0   0  29   0   0   0   0   0   0   0   0   0   0  71   0   0   0   0   0   0  0.47 0.02
   37 L    -1  -3  -4  -4  -1  -3  -3  -4  -3   3   3  -3   2   0  -3  -2  -1  -2  -1   3    0   0   0   0   0   0   0   0   0  27  47   0   0   0   0   0   0   0   0  26  0.34 0.01
   38 D    -2  -2   1   6  -3   0   2  -1  -1  -3  -4  -1  -3  -3  -1   0  -1  -4  -3  -3    0   0   0   0   0   0   0   0   0   0   0   0   0   0   0   0   0   0   0   0  0.00     0.00
   39 H    -2   0   1  -1  -3   0   0  -2   7  -3  -3  -1  -2  -1  -2  -1  -2  -2   2  -3    0   0   0   0   0   0   0   0   0   0   0   0   0   0   0   0   0   0   0   0  0.00     0.00
   40 I    -1  -3  -3  -3  -1  -3  -3  -4  -3   4   2  -3   1   0  -3  -2  -1  -3  -1   3    0   0   0   0   0   0   0   0   0   0   0   0   0   0   0   0   0   0   0   0  0.00     0.00
   41 R    -1   5   0  -2  -3   1   0  -2   0  -3  -2   2  -1  -3  -2  -1  -1  -3  -2  -2    0   0   0   0   0   0   0   0   0   0   0   0   0   0   0   0   0   0   0   0  0.00     0.00
