Last position-specific scoring matrix computed, weighted observed percentages rounded down, information per position, and relative weight of gapless real matches to pseudocounts
           A  R  N  D  C  Q  E  G  H  I  L  K  M  F  P  S  T  W  Y  V   A   R   N   D   C   Q   E   G   H   I   L   K   M   F   P   S   T   W   Y   V
    1 V    0 -2 -3 -3 -1 -2 -2 -3 -3  2  1 -2  1 -1 -2 -2  0 -3 -1  4    0   0   0   0   0   0   0   0   0   0   0   0   0   0   0   0   0   0   0   0  0.00     0.00
    2 S    1 -1  1  0 -1  0  0  0 -1 -2 -2  0 -1 -2 -1  4  1 -3 -2 -2    0   0   0   0   0   0   0   0   0   0   0   0   0   0   0   0   0   0   0   0  0.00     0.00
    3 R   -1  5  0 -2 -3  1  0 -2  0 -3 -2  2 -1 -3 -2 -1 -1 -3 -2 -2    0   0   0   0   0   0   0   0   0   0   0   0   0   0   0   0   0   0   0   0  0.00     0.00
    4 K   -1  2  0 -1 -3  1  1 -1 -1 -3 -2  4 -1 -3 -1  0 -1 -3 -2 -2    0   0   0   0   0   0   0   0   0   0   0   0   0   0   0   0   0   0   0   0  0.00     0.00
    5 N   -1  0  5  1 -3  0  0  0  1 -3 -3  0 -2 -3 -2  1  0 -4 -2 -3    0   0   0   0   0   0   0   0   0   0   0   0   0   0   0   0   0   0   0   0  0.00     0.00
    6 L   -1 -2 -3 -3 -1 -2 -3 -4 -3  1  4 -2  2  0 -3 -2 -1 -2 -1  1    0   0   0   0   0   0   0   0   0   0   0   0   0   0   0   0   0   0   0   0  0.00     0.00
    7 T    0 -1  0 -1 -1 -1 -1 -2 -2 -1 -1 -1 -1 -2 -1  1  4 -2 -2  0    0   0   0   0   0   0   0   0   0   0   0   0   0   0   0   0   0   0   0   0  0.00     0.00
    8 D   -2 -2  1  6 -3  0  1 -1 -1 -3 -3 -1 -3 -3 -1  0 -1 -4 -3 -3    0   0   0   0   0   0   0   0   0   0   0   0   0   0   0   0   0   0   0   0  0.00     0.00
    9 E   -1  0  0  2 -4  2  5 -2  0 -3 -3  1 -2 -3 -1  0 -1 -3 -2 -3    0   0   0   0   0   0 100   0   0   0   0   0   0   0   0   0   0   0   0   0  0.77 0.02
   10 D   -2 -2  1  6 -4  0  2 -1 -1 -3 -4 -1 -3 -4 -2  0 -1 -5 -3 -3    0   0   0 100   0   0   0   0   0   0   0   0   0   0   0   0   0   0   0   0  0.97 0.02
   11 L    2 -2 -3 -3 -1 -2 -2 -2 -2  1  3 -2  1  0 -2 -1 -1 -2 -1  0   36   0   0   0   0   0   0   0   0   0  64   0   0   0   0   0   0   0   0   0  0.24 0.01
   12 R   -1  3  0  0 -3  1  3  3 -1 -4 -3  1 -2 -3 -2  0 -1 -3 -2 -3    0  30   0   0   0   0  34  36   0   0   0   0   0   0   0   0   0   0   0   0  0.43 0.01
   13 S    1 -1  0 -1 -1 -1 -1 -1 -2  0 -1 -1 -1 -2 -1  3  1 -3 -2  2    0   0   0   0   0   0   0   0   0   0   0   0   0   0   0  64   0   0   0  36  0.22 0.01
   14 I   -1 -3 -3 -3 -1 -3 -3 -4 -3  4  1 -3  1  0 -3 -2 -1 -3 -1  3    0   0   0   0   0   0   0   0   0  66   0   0   0   0   0   0   0   0   0  34  0.37 0.01
   15 I    0 -2 -1 -2  6 -2 -2 -2 -2  1  0 -2  0 -2 -2  2  0 -3 -2  0    0   0   0   0  36   0   0   0   0  30   0   0   0   0   0  34   0   0   0   0  0.33 0.01
   16 A    3 -1 -1 -1 -1 -1 -1  0 -1 -2 -2 -1 -1 -2 -1  3  1 -3 -2 -1   64   0   0   0   0   0   0   0   0   0   0   0   0   0   0  36   0   0   0   0  0.36 0.01
   17 S    1 -1  0  0 -2  1  3 -1 -1 -3 -3  0 -2 -3 -1  3  1 -3 -2 -2    0   0   0   0   0   0  36   0   0   0   0   0   0   0   0  64   0   0   0   0  0.41 0.01
   18 T   -1 -2 -1 -2 -1 -1 -2 -2 -2 -1 -1 -1  0  4 -2  0  4 -1  1  0    0   0   0   0   0   0   0   0   0   0   0   0   0  36   0   0  64   0   0   0  0.32 0.01
   19 L   -1 -2 -2 -2 -1 -1 -2 -3 -2  1  2 -1  4  0 -2  0  2 -2 -1  0    0   0   0   0   0   0   0   0   0   0  30   0  36   0   0   0  34   0   0   0  0.23 0.01
   20 T    0 -1  0 -1 -1 -1 -1 -2 -2  1 -1 -1  0 -2 -1  2  3 -3 -2  2    0   0   0   0   0   0   0   0   0   0   0   0   0   0   0  36  30   0   0  34  0.22 0.01
   21 C    0 -2 -1 -2  6 -2 -2 -2 -2  0  2 -2  0 -1 -2  2  0 -2 -2  0    0   0   0   0  30   0   0   0   0   0  36   0   0   0   0  34   0   0   0   0  0.28 0.01
   22 R   -1  5 -1 -2 -3  0 -1 -2 -1 -3 -3  1 -2 -3  5 -1 -1 -3 -2 -3    0  66   0   0   0   0   0   0   0   0   0   0   0   0  34   0   0   0   0   0  0.82 0.01
   23 V   -1 -2 -3 -4 -1 -2 -3 -4 -3  2  3 -3  2  0 -3 -2 -1 -2 -1  2    0   0   0   0   0   0   0   0   0   0  70   0   0   0   0   0   0   0   0  30  0.37 0.01
   24 D   -1 -2  0  3 -2 -1  0 -2 -2  2  0 -1  0 -2 -2  0  2 -3 -2  1    0   0   0  30   0   0   0   0   0  34   0   0   0   0   0   0  36   0   0   0  0.21 0.01
   25 H   -2 -1  0 -2 -3  0 -1 -2  7 -1  0 -1  3 -1 -2 -1 -1 -2  1 -1    0   0   0   0   0   0   0   0  66   0   0   0  34   0   0   0   0   0   0   0  0.50 0.02
   26 Q   -1  1 -1 -1 -3  3  1 -2 -1 -3 -3  3 -1 -4  5  0 -1 -3 -2 -2    0   0   0   0   0  30   0   0   0   0   0  36   0   0  34   0   0   0   0   0  0.68 0.01
   27 E   -1 -1  0  4 -4  1  4 -2 -1 -3 -3  0 -3 -4 -1  0 -1 -3 -3 -3    0   0   0  34   0   0  66   0   0   0   0   0   0   0   0   0   0   0   0   0  0.69 0.01
   28 N   -2 -1  6  1 -3  0  0 -1  1 -3 -4  0 -2 -3 -2  1  0 -4 -2 -3    0   0 100   0   0   0   0   0   0   0   0   0   0   0   0   0   0   0   0   0  0.77 0.02
   29 C   -1 -2  3 -1  8 -2 -2 -2 -1 -2 -2 -2 -2 -3 -3  0 -1 -3 -2 -2    0   0  34   0  66   0   0   0   0   0   0   0   0   0   0   0   0   0   0   0  0.77 0.02
   30 G    0 -2  0 -1 -2 -1 -2  5 -2 -2 -3 -1 -2 -3 -2  0  2 -3 -3 -2    0   0   0   0   0   0   0  64   0   0   0   0   0   0   0   0  36   0   0   0  0.60 0.01
   31 G    1 -2  0 -1 -2 -1 -1  5 -2 -3 -3 -1 -2 -3 -2  2  0 -3 -3 -3    0   0   0   0   0   0   0  66   0   0   0   0   0   0   0  34   0   0   0   0  0.66 0.01
   32 K    0  4  0 -1 -2  1  0 -1 -1 -3 -3  3 -2 -3 -1  2  0 -3 -2 -2    0  36   0   0   0   0   0   0   0   0   0  30   0   0   0  34   0   0   0   0  0.39 0.01
   33 M   -1 -2 -3 -3 -2 -1 -2 -3 -2  1  3 -2  5  0 -3 -2 -1 -2 -1  1    0   0   0   0   0   0   0   0   0   0  36   0  64   0   0   0   0   0   0   0  0.37 0.02
   34 D   -2 -1  1  5 -4  1  3 -2 -1 -3 -4  0 -3 -4 -1  0 -1 -4 -3 -3    0   0   0  64   0   0  36   0   0   0   0   0   0   0   0   0   0   0   0   0  0.75 0.01
   35 A    2 -2 -1  3 -1 -1  0 -1 -2  0 -1 -1 -1 -2 -2  0  0 -3 -2  2   30   0   0  34   0   0   0   0   0   0   0   0   0   0   0   0   0   0   0  36  0.20 0.01
   36 F   -3 -3 -3 -4 -3 -3 -3 -3 -2 -1  0 -3 -1  5 -4 -3 -2  8  3 -2    0   0   0   0   0   0   0   0   0   0   0   0   0  66   0   0   0  34   0   0  1.03 0.02
   37 Q   -1  0 -1  0 -3  3  3 -2  1 -2 -2  0 -1  1 -2 -1 -1  0  4 -2    0   0   0   0   0  30  34   0   0   0   0   0   0   0   0   0   0   0  36   0  0.42 0.01
   38 S    0  0  4  1 -2  1  3 -1  0 -3 -3  0 -2 -3 -1  2  0 -3 -2 -2    0   0  36   0   0   0  34   0   0   0   0   0   0   0   0  30   0   0   0   0  0.42 0.01
   39 R   -1  5 -1 -2 -3  0 -1  3 -1 -3 -3  1 -2 -3 -2 -1 -1 -3 -2 -3    0  64   0   0   0   0   0  36   0   0   0   0   0   0   0   0   0   0   0   0  0.55 0.01
   40 T    0 -1  0 -1 -1 -1 -1 -2 -2 -1 -1 -1 -1 -2 -1  1  5 -3 -2  0    0   0   0   0   0   0   0   0   0   0   0   0   0   0   0   0 100   0   0   0  0.48 0.00
   41 Y   -2 -2 -3 -4 -3 -2 -3 -3  0 -2 -1 -2 -1  2 -3 -2 -2  9  5 -2    0   0   0   0   0   0   0   0   0   0   0   0   0   0   0   0   0  50  50   0  1.31 0.01
