Last position-specific scoring matrix computed, weighted observed percentages rounded down, information per position, and relative weight of gapless real matches to pseudocounts
           A  R  N  D  C  Q  E  G  H  I  L  K  M  F  P  S  T  W  Y  V   A   R   N   D   C   Q   E   G   H   I   L   K   M   F   P   S   T   W   Y   V
    1 E   -1  0  0  1 -3  2  5 -2  0 -3 -3  1 -2 -3 -1  0 -1 -3 -2 -2    0   0   0   0   0   0   0   0   0   0   0   0   0   0   0   0   0   0   0   0  0.00     0.00
    2 P   -1 -2 -2 -1 -3 -1 -1 -2 -2 -3 -3 -1 -2 -3  7 -1 -1 -4 -3 -2    0   0   0   0   0   0   0   0   0   0   0   0   0   0   0   0   0   0   0   0  0.00     0.00
    3 D   -2 -2  1  6 -3  0  1 -1 -1 -3 -3 -1 -3 -3 -1  0 -1 -4 -3 -3    0   0   0   0   0   0   0   0   0   0   0   0   0   0   0   0   0   0   0   0  0.00     0.00
    4 L   -1 -2 -3 -3 -1 -2 -3 -3 -3  1  4 -2  2  0 -3 -2 -1 -2 -1  1    0   0   0   0   0   0   0   0   0   0   0   0   0   0   0   0   0   0   0   0  0.00     0.00
    5 L   -1 -2 -3 -3 -1 -2 -3 -3 -3  3  3 -2  4  0 -3 -2 -1 -2 -1  1    0   0   0   0   0   0   0   0   0  33  33   0  35   0   0   0   0   0   0   0  0.33 0.01
    6 P   -1 -2 -2 -2 -3 -1 -1 -2 -2 -3 -3 -1 -3 -4  8 -1 -1 -4 -3 -3    0   0   0   0   0   0   0   0   0   0   0   0   0   0 100   0   0   0   0   0  2.08 0.02
    7 L   -2 -2 -4 -4 -1 -2 -3 -4 -3  2  4 -3  2  0 -3 -3 -1 -2 -1  1    0   0   0   0   0   0   0   0   0   0 100   0   0   0   0   0   0   0   0   0  0.48 0.01
    8 F   -2  3  3 -1 -3  0 -1 -2  0 -2 -1  0 -1  3 -3 -1 -1 -1  1 -2    0  35  33   0   0   0   0   0   0   0   0   0   0  33   0   0   0   0   0   0  0.30 0.01
    9 Q    0  1  0 -1 -3  3  1  3 -1 -3 -3  3 -1 -3 -2  0 -1 -3 -2 -3    0   0   0   0   0  33   0  33   0   0   0  35   0   0   0   0   0   0   0   0  0.41 0.01
   10 Y   -2 -1 -1 -3 -2 -1 -2 -3  5 -1  1 -2  0  2 -3 -2 -2  1  5 -1    0   0   0   0   0   0   0   0  29   0  24   0   0   0   0   0   0   0  47   0  0.46 0.02
   11 N   -1  3  2  0 -3  3  0  2  0 -3 -3  1 -2 -3 -2  0 -1 -3 -2 -3    0  29  21   0   0  26   0  24   0   0   0   0   0   0   0   0   0   0   0   0  0.38 0.01
   12 C   -1 -4 -3 -4  9 -3 -4 -3 -3 -1 -2 -3 -2 -3 -3 -1 -1 -3 -3 -1    0   0   0   0 100   0   0   0   0   0   0   0   0   0   0   0   0   0   0   0  1.40 0.04
   13 R   -1  5  0  0 -4  3  2 -2  0 -3 -2  2 -1 -3 -2 -1 -1 -3 -2 -3    0  57   0   0   0  22  21   0   0   0   0   0   0   0   0   0   0   0   0   0  0.57 0.02
   14 Q   -1  0  0  0 -2  4  3 -1  4 -2 -2  1 -1 -2 -1  0 -1 -2  0 -2    2   1   1   1   0  37  23   2  20   1   2   1   1   1   1   2   1   0   1   1  0.35 0.01
   15 F   -3 -3 -3 -4 -3 -4 -4 -4 -2  0  0 -3  0  7 -4 -3 -2  1  3 -1    0   0   0   0   0   0   0   0   0   0   0   0   0 100   0   0   0   0   0   0  0.93 0.06
   16 S    0  0  0 -1 -2  3  1 -1 -1 -3 -3  2 -1 -3 -1  3  0 -3 -2 -2    0   0   0   0   0  32   0   0   0   0   0  19   0   0   0  49   0   0   0   0  0.39 0.03
   17 S    0 -1 -1  0 -2  0  2 -2 -1 -1  1 -1  0 -1 -2  2  0 -3 -2 -1    0   0   0   0   0   0  22   0   0   0  32   0   0   0   0  45   0   0   0   0  0.19 0.03
   18 P   -1 -2  2 -1  4 -1 -2 -2 -1 -2 -2 -1 -2 -1  6 -1 -1 -1  3 -2    0   0  16   0  16   0   0   0   0   0   0   0   0   0  49   0   0   0  19   0  0.85 0.04
   19 E   -1 -1  2  1 -2  1  3 -2 -1 -1 -2  0 -1 -3 -2  1  0 -3 -2  1    0   0  16   0   0   0  46   0   0   0   0   0   0   0   0  16   0   0   0  22  0.27 0.03
   20 D   -1 -1  2  3 -3  2  1 -2  4 -3 -3  0 -2 -3  4  0 -1 -3 -1 -3    0   0  16  26   0  16   0   0  19   0   0   0   0   0  22   0   0   0   0   0  0.54 0.03
   21 C    0 -3 -2 -3  8 -2 -3 -2 -3 -1  1 -3  0 -2 -3  1 -1 -3 -2 -1    0   0   0   0  61   0   0   0   0   0  22   0   0   0   0  16   0   0   0   0  0.71 0.05
   22 L   -1 -2 -1 -2 -1 -1 -2 -2 -2  0  2 -1  1  3 -2  1  0 -1  0  0    1   1   1   1   0   1   1   1   0   1  44   1   0  20   1  24   1   0   1   1  0.14 0.02
   23 S    0 -1  0  0 -2  0  2 -1 -1 -2 -2  0 -1  2 -1  3  2 -2  0 -1    0   0   0   0   0   0  22   0   0   0   0   0   0  16   0  42  19   0   0   0  0.25 0.03
   24 S    3 -1 -1 -1 -1 -1 -1 -1 -2  0 -1 -1 -1 -2 -1  3  1 -3 -2  1   35   0   0   0   0   0   0   0   0   0   0   0   0   0   0  43   0   0   0  22  0.25 0.03
   25 P    2 -2 -2 -2 -2 -1 -1 -1 -2 -2 -3 -1 -2 -3  7  0 -1 -4 -3 -2   36   0   0   0   0   0   0   0   0   0   0   0   0   0  64   0   0   0   0   0  1.22 0.04
   26 E   -1 -1  0  3 -3  1  4 -2 -1 -3 -3  0 -2 -3  3  1 -1 -3 -3 -3    0   0   0  22   0   0  46   0   0   0   0   0   0   0  16  16   0   0   0   0  0.56 0.03
   27 F    1 -2 -3 -3 -2 -2 -3 -2  0 -1  0 -2 -1  5 -3 -1 -2  1  4 -1   19   0   0   0   0   0   0   0   0   0   0   0   0  58   0   0   0   0  22   0  0.53 0.04
   28 L   -1 -3 -3 -4 -1 -2 -3 -4 -3  3  3 -3  1  0 -3 -2 -1 -2 -1  3    0   0   0   0   0   0   0   0   0  16  49   0   0   0   0   0   0   0   0  35  0.36 0.02
   29 D   -2  2  1  5 -4  0  1 -2 -1 -3 -3  0 -3 -4 -2 -1 -1 -4 -3 -3    0  25   0  75   0   0   0   0   0   0   0   0   0   0   0   0   0   0   0   0  0.73 0.03
   30 H   -2 -1  3 -1 -3  0 -1 -2  6 -3 -3 -1 -2 -1 -3 -1 -2  7  1 -3    0   0  25   0   0   0   0   0  46   0   0   0   0   0   0   0   0  29   0   0  0.83 0.03
   31 I   -2 -3 -4 -4 -1 -3 -3 -4 -3  4  3 -3  1  0 -3 -3 -1 -2 -1  2    0   0   0   0   0   0   0   0   0  71  29   0   0   0   0   0   0   0   0   0  0.40 0.02
   32 R   -1  3  3  0 -3  1  0 -2  5 -3 -3  2 -2 -3 -2  0 -1 -3  0 -3    0  20  25   0   0   0   0   0  29   0   0  26   0   0   0   0   0   0   0   0  0.43 0.02
   33 K   -1  1  0  1 -4  2  4 -2 -1 -3 -3  3 -2 -3 -1  0 -1 -3 -2 -3    0   0   0   0   0   0  54   0   0   0   0  46   0   0   0   0   0   0   0   0  0.55 0.02
   34 V   -1 -2 -3 -3 -2 -2 -2 -3 -1  1  2 -2  0  1  4 -2 -1 -1  3  1    0   0   0   0   0   0   0   0   0   0  29   0   0   0  26   0   0   0  25  20  0.40 0.01
   35 M   -1 -2 -3 -4 -2 -1 -3 -3 -2  1  3 -2  5  0 -3 -2 -1 -2 -1  1    0   0   0   0   0   0   0   0   0   0  54   0  46   0   0   0   0   0   0   0  0.41 0.02
   36 L    2 -2 -2 -3 -1 -1 -2 -1 -2  0  2 -2  1 -1 -2  0 -1 -2 -1  0   50   0   0   0   0   0   0   0   0   0  50   0   0   0   0   0   0   0   0   0  0.20 0.00
   37 V    0 -3 -3 -3 -1 -2 -3 -3 -3  3  1 -2  1 -1 -2 -2  0 -3 -1  4    0   0   0   0   0   0   0   0   0   0   0   0   0   0   0   0   0   0   0 100  0.35 0.00
   38 I   -1 -3 -3 -3 -1 -3 -3 -4 -3  4  1 -3  1 -1 -3 -2  0 -3 -1  3    0   0   0   0   0   0   0   0   0  50   0   0   0   0   0   0   0   0   0  50  0.35 0.00
   39 D   -2 -2  1  6 -4  0  2 -1 -1 -3 -4 -1 -3 -4 -2  0 -1 -4 -3 -3    0   0   0 100   0   0   0   0   0   0   0   0   0   0   0   0   0   0   0   0  0.93 0.00
   40 A    4 -1 -2 -2  0 -1 -1  0 -2 -1 -2 -1 -1 -2 -1  1  0 -3 -2  0  100   0   0   0   0   0   0   0   0   0   0   0   0   0   0   0   0   0   0   0  0.41 0.00
   41 A    4 -1 -1 -2  0 -1 -1  0 -2 -1 -1 -1 -1 -2 -1  1  0 -2 -2  0    0   0   0   0   0   0   0   0   0   0   0   0   0   0   0   0   0   0   0   0  0.00     0.00
