Last position-specific scoring matrix computed, weighted observed percentages rounded down, information per position, and relative weight of gapless real matches to pseudocounts
            A   R   N   D   C   Q   E   G   H   I   L   K   M   F   P   S   T   W   Y   V   A   R   N   D   C   Q   E   G   H   I   L   K   M   F   P   S   T   W   Y   V
    1 E    -1  -1   1   5  -4   1   4  -2  -1  -3  -3   0  -3  -4  -1   0  -1  -4  -3  -3    0   0   0  50   0   0  50   0   0   0   0   0   0   0   0   0   0   0   0   0  0.69 0.00
    2 D     0  -1   1   4  -2   0   1  -1  -1  -3  -3   0  -2  -3  -1   3   0  -4  -2  -2    0   0   0  50   0   0   0   0   0   0   0   0   0   0   0  50   0   0   0   0  0.49 0.00
    3 D    -2  -2   1   6  -4   0   2  -1  -1  -3  -4  -1  -3  -4  -2   0  -1  -5  -3  -3    0   0   0 100   0   0   0   0   0   0   0   0   0   0   0   0   0   0   0   0  0.97 0.02
    4 A     3  -1   0  -1  -1   0   0   0  -1  -2  -2   0  -1  -3  -1   4   1  -3  -2  -1   32   0   0   0   0   0   0   0   0   0   0   0   0   0   0  68   0   0   0   0  0.38 0.01
    5 V     0  -3  -2  -3  -2  -2  -3   3  -3   1   2  -2   1  -1  -3  -1  -1  -2  -2   2    0   0   0   0   0   0   0  35   0   0  32   0   0   0   0   0   0   0   0  32  0.23 0.00
    6 F    -1  -2  -1  -2  -2  -2  -2  -2  -1  -1   0  -2   0   5  -3   1  -1   0   2  -1    0   0   0   0   0   0   0   0   0   0   0   0   0  68   0  32   0   0   0   0  0.39 0.01
    7 R    -1   3  -1  -2   6  -1  -2   3  -2  -3  -2   0  -2  -3  -3  -1  -1  -3  -3  -2    0  32   0   0  35   0   0  32   0   0   0   0   0   0   0   0   0   0   0   0  0.47 0.01
    8 S     1  -1   1   0  -1   0   0   0  -1  -3  -3   0  -2  -3  -1   4   1  -3  -2  -2    0   0   0   0   0   0   0   0   0   0   0   0   0   0   0 100   0   0   0   0  0.48 0.01
    9 Y    -2  -2  -2  -3  -3  -2  -2  -3   2  -2  -1  -2  -1   3  -3  -2  -2   2   7  -1    0   0   0   0   0   0   0   0   0   0   0   0   0   0   0   0   0   0 100   0  0.93 0.02
   10 I    -2  -3  -4  -4  -1  -3  -3  -4  -3   3   4  -3   2   0  -3  -3  -1  -2  -1   2    0   0   0   0   0   0   0   0   0  32  68   0   0   0   0   0   0   0   0   0  0.40 0.01
   11 D    -2  -1   1   5  -4   1   3  -2  -1  -3  -4   0  -3  -4  -2   0  -1  -4  -3  -3    0   0   0  65   0   0  35   0   0   0   0   0   0   0   0   0   0   0   0   0  0.75 0.01
   12 D     0  -2   0   3  -2  -1   0  -1  -1  -3  -3  -1  -2  -3   5   2   0  -4  -3  -3    0   0   0  32   0   0   0   0   0   0   0   0   0   0  32  35   0   0   0   0  0.66 0.01
   13 E    -1   0   3   1  -3   4   4  -2   0  -3  -3   1  -2  -3  -2   0  -1  -3  -2  -3    0   0  26   0   0  32  42   0   0   0   0   0   0   0   0   0   0   0   0   0  0.53 0.02
   14 Y    -2  -1   0   3  -3   2   0  -2   1  -2  -2  -1  -2   1  -2  -1  -1   0   5  -2    0   0   0  32   0  22   0   0   0   0   0   0   0   0   0   0   0   0  46   0  0.45 0.02
   15 M     0  -1  -1  -1  -2   3   0  -2  -1   0   1   0   3  -1  -2   2   0  -2  -2  -1    0   0   0   0   0  26   0   0   0   0  22   0  20   0   0  32   0   0   0   0  0.17 0.02
   16 G     0  -2   0  -1  -2  -1  -2   5  -2  -4  -4  -1  -3  -3  -2   2  -1  -3  -3  -3    0   0   0   0   0   0   0  74   0   0   0   0   0   0   0  26   0   0   0   0  0.77 0.02
   17 H    -2  -1  -1  -2  -3   2  -1  -3   4   1  -1  -1   0   1  -3  -1  -1   0   4   0    0   0   0   0   0  22   0   0  20  26   0   0   0   0   0   0   0   0  32   0  0.29 0.02
   18 K    -1   4   0  -1  -4   1   0  -2  -1  -3  -3   4  -2  -3  -2  -1  -1  -3  -2  -3    0  32   0   0   0   0   0   0   0   0   0  68   0   0   0   0   0   0   0   0  0.58 0.02
   19 W    -3  -3  -4  -5  -3  -2  -3  -3  -3  -3  -2  -3  -2   1  -4  -3  -3  12   2  -3    0   0   0   0   0   0   0   0   0   0   0   0   0   0   0   0   0 100   0   0  2.57 0.06
   20 Q    -1   0  -1  -1  -3   5   1  -3   0  -1   2   0   0  -2  -2  -1  -1  -2  -2  -1    0   0   0   0   0  68   0   0   0   0  32   0   0   0   0   0   0   0   0   0  0.38 0.03
   21 C    -1  -3  -3  -4   8  -3  -4  -3  -3   0   2  -3   0  -1  -3  -2  -1  -2  -2   0    0   0   0   0  58   0   0   0   0   0  42   0   0   0   0   0   0   0   0   0  0.66 0.01
   22 V    -1  -3  -3  -3  -1  -3  -3  -4  -3   4   1  -3   1  -1  -3  -2   0  -3  -1   4    0   0   0   0   0   0   0   0   0  42   0   0   0   0   0   0   0   0   0  58  0.35 0.01
   23 E    -1   4   0   1  -4   2   4  -2   0  -3  -3   1  -2  -3  -2   0  -1  -3  -2  -3    0  42   0   0   0   0  58   0   0   0   0   0   0   0   0   0   0   0   0   0  0.56 0.01
   24 F    -2  -3  -1   3  -3  -2  -1  -3  -1  -1   0  -2  -1   6  -3  -2  -2   0   2  -2    0   0   0  30   0   0   0   0   0   0   0   0   0  70   0   0   0   0   0   0  0.46 0.01
   25 A     3   1  -1  -1  -1   0   0   0  -1  -2  -2   3  -1  -3  -1   1   0  -3  -2  -1   58   0   0   0   0   0   0   0   0   0   0  42   0   0   0   0   0   0   0   0  0.29 0.01
   26 R    -2   6   0  -2  -4   1   0  -3   0  -3  -2   2  -1  -3  -2  -1  -1  -3  -2  -3    0 100   0   0   0   0   0   0   0   0   0   0   0   0   0   0   0   0   0   0  0.75 0.00
   27 R    -1   4   0   0  -4   2   4  -2   0  -3  -3   2  -2  -3  -2   0  -1  -3  -2  -3    0  50   0   0   0   0  50   0   0   0   0   0   0   0   0   0   0   0   0   0  0.55 0.00
   28 F    -2  -3  -3  -4  -3  -3  -3  -3  -1   0   0  -3   0   7  -4  -3  -2   1   3  -1    0   0   0   0   0   0   0   0   0   0   0   0   0 100   0   0   0   0   0   0  0.74 0.00
   29 L     0  -1  -1  -2  -1  -1  -1  -2  -2   0   2  -1   1  -1  -2   2   0  -2  -1   0    0   0   0   0   0   0   0   0   0   0  50   0   0   0   0  50   0   0   0   0  0.18 0.00
   30 F    -2  -3  -3  -4  -3  -3  -3  -3  -1   0   0  -3   0   7  -4  -3  -2   1   3  -1    0   0   0   0   0   0   0   0   0   0   0   0   0 100   0   0   0   0   0   0  0.74 0.00
   31 L    -2  -2  -4  -4  -1  -2  -3  -4  -3   2   4  -3   2   0  -3  -3  -1  -2  -1   1    0   0   0   0   0   0   0   0   0   0 100   0   0   0   0   0   0   0   0   0  0.46 0.00
   32 N    -2  -1   5   5  -3   0   1  -1   0  -3  -4   0  -3  -3  -2   0  -1  -4  -3  -3    0   0  50  50   0   0   0   0   0   0   0   0   0   0   0   0   0   0   0   0  0.67 0.00
   33 Y    -2  -2  -2  -3  -2  -1  -2  -3   2  -1  -1  -2  -1   3  -3  -2  -2   2   7  -1    0   0   0   0   0   0   0   0   0   0   0   0   0   0   0   0   0   0   0   0  0.00     0.00
   34 G     0  -2   0  -1  -2  -2  -2   6  -2  -4  -4  -2  -3  -3  -2   0  -2  -2  -3  -3    0   0   0   0   0   0   0   0   0   0   0   0   0   0   0   0   0   0   0   0  0.00     0.00
   35 V     0  -2  -3  -3  -1  -2  -2  -3  -3   3   1  -2   1  -1  -2  -2   0  -3  -1   4    0   0   0   0   0   0   0   0   0   0   0   0   0   0   0   0   0   0   0   0  0.00     0.00
   36 V     0  -2  -3  -3  -1  -2  -2  -3  -3   3   1  -2   1  -1  -2  -2   0  -3  -1   4    0   0   0   0   0   0   0   0   0   0   0   0   0   0   0   0   0   0   0   0  0.00     0.00
   37 F    -2  -3  -3  -3  -2  -3  -3  -3  -1   0   0  -3   0   6  -4  -2  -2   1   3  -1    0   0   0   0   0   0   0   0   0   0   0   0   0   0   0   0   0   0   0   0  0.00     0.00
   38 T     0  -1   0  -1  -1  -1  -1  -2  -2  -1  -1  -1  -1  -2  -1   1   4  -2  -2   0    0   0   0   0   0   0   0   0   0   0   0   0   0   0   0   0   0   0   0   0  0.00     0.00
   39 D    -2  -2   1   6  -3   0   1  -1  -1  -3  -4  -1  -3  -3  -1   0  -1  -4  -3  -3    0   0   0   0   0   0   0   0   0   0   0   0   0   0   0   0   0   0   0   0  0.00     0.00
   40 V     0  -2  -3  -3  -1  -2  -2  -3  -3   3   1  -2   1  -1  -2  -2   0  -3  -1   4    0   0   0   0   0   0   0   0   0   0   0   0   0   0   0   0   0   0   0   0  0.00     0.00
   41 G     0  -2   0  -1  -2  -2  -2   6  -2  -4  -4  -2  -3  -3  -2   0  -2  -2  -3  -3    0   0   0   0   0   0   0   0   0   0   0   0   0   0   0   0   0   0   0   0  0.00     0.00