
Last position-specific scoring matrix computed, weighted observed percentages rounded down, information per position, and relative weight of gapless real matches to pseudocounts
           A  R  N  D  C  Q  E  G  H  I  L  K  M  F  P  S  T  W  Y  V   A   R   N   D   C   Q   E   G   H   I   L   K   M   F   P   S   T   W   Y   V
    1 F   -2 -3 -3 -4 -3 -3 -3 -3 -1  0  0 -3  0  6 -4 -3 -2  1  3 -1    0   0   0   0   0   0   0   0   0   0   0   0   0 100   0   0   0   0   0   0  0.74 0.00
    2 L   -1 -2 -3 -4 -1 -1 -3 -3 -2  1  3 -2  5  0 -3 -2 -1 -2 -1  1    0   0   0   0   0   0   0   0   0   0  50   0  50   0   0   0   0   0   0   0  0.35 0.00
    3 D   -1 -1  1  5 -4  1  4 -2 -1 -3 -3  0 -3 -4 -1  0 -1 -4 -3 -3    0   0   0  50   0   0  50   0   0   0   0   0   0   0   0   0   0   0   0   0  0.69 0.00
    4 A    3 -2 -1 -2 -1 -1 -2  4 -2 -2 -3 -1 -2 -3 -2  1 -1 -3 -2 -1   50   0   0   0   0   0   0  50   0   0   0   0   0   0   0   0   0   0   0   0  0.52 0.00
    5 S    3 -1  0 -1 -1  0 -1  0 -1 -2 -2  0 -1 -2 -1  3  1 -3 -2 -1   50   0   0   0   0   0   0   0   0   0   0   0   0   0   0  50   0   0   0   0  0.35 0.00
    6 P   -1 -3 -3 -2 -2 -2 -2 -3 -3  2 -1 -2 -1 -2  7 -1 -1 -3 -2  0    0   0   0   0   0   0   0   0   0  37   0   0   0   0  63   0   0   0   0   0  1.05 0.01
    7 D   -1 -2  0  3 -2 -1  0 -2 -2  2  0 -1  0 -2 -2  0  2 -3 -2  1    0   0   0  30   0   0   0   0   0  37   0   0   0   0   0   0  34   0   0   0  0.20 0.00
    8 L   -2 -2 -3 -4 -2 -2 -3 -3  0  0  2 -3  1  4 -3 -2 -2  1  5  0    0   0   0   0   0   0   0   0   0   0  30   0   0  34   0   0   0   0  37   0  0.47 0.01
    9 V    0 -1 -2 -2 -1  2 -1 -3 -2  2  0 -1  0 -1 -2 -1  0 -3 -1  3    0   0   0   0   0  27   0   0   0   0   0   0   0   0   0   0   0   0   0  73  0.23 0.02
   10 F   -2 -3 -3 -4 -2 -3 -3 -4 -2  2  1 -3  0  6 -4 -3 -2  0  2  1    0   0   0   0   0   0   0   0   0  28   0   0   0  72   0   0   0   0   0   0  0.54 0.02
   11 Y   -2  0 -2 -2 -3 -1 -1 -3  1 -2 -2  2 -1  2 -3 -1 -2  1  6 -2    0   0   0   0   0   0   0   0   0   0   0  28   0   0   0   0   0   0  72   0  0.58 0.02
   12 R   -1  3  0 -1 -3  1  1 -2 -1 -3 -3  5 -2 -3 -1  0 -1 -3 -2 -3    0  20   0   0   0   0   0   0   0   0   0  80   0   0   0   0   0   0   0   0  0.55 0.02
   13 N   -1 -1  5  1 -2 -1 -1 -1  0 -1 -2 -1 -1 -3 -2  0  0 -4 -2  1    0   0  75   0   0   0   0   0   0   0   0   0   0   0   0   0   0   0   0  25  0.44 0.02
   14 E   -1 -1  1  5 -4  1  4 -2 -1 -3 -4  0 -3 -4 -1  0 -1 -4 -3 -3    0   0   0  53   0   0  47   0   0   0   0   0   0   0   0   0   0   0   0   0  0.72 0.02
   15 D   -1 -1  1  4 -4  0  3  2 -1 -4 -4  0 -3 -4 -2  0 -1 -4 -3 -3    0   0   0  48   0   0  27  25   0   0   0   0   0   0   0   0   0   0   0   0  0.57 0.01
   16 K   -1  1  0 -1 -3  3  1  3 -1 -3 -3  3 -2 -3 -2  0 -1 -3 -2 -3    0   0   0   0   0  25   0  28   0   0   0  47   0   0   0   0   0   0   0   0  0.40 0.01
   17 E   -2  3 -1  0 -3  1  3 -2 -1 -3 -3  1 -2 -1 -2 -1 -1  7  0 -3    0  25   0   0   0   0  47   0   0   0   0   0   0   0   0   0   0  28   0   0  0.69 0.02
   18 F   -2 -3 -3 -4 -3 -3 -3 -3  0 -1  0 -3  0  6 -4 -2 -2  1  5 -1    0   0   0   0   0   0   0   0   0   0   0   0   0  72   0   0   0   0  28   0  0.74 0.02
   19 S    0  0  0  0 -1  1  3 -1 -1 -2 -2  0 -1 -2 -1  3  1 -2 -1 -2    2   1   1   1   0   1  30   2   1   1   2   1   1   1   1  49   1   0   1   2  0.27 0.01
   20 G    0 -3 -1 -1 -3 -2 -2  6 -2 -4 -4 -2 -3 -3 -2  0 -2 -3 -3 -3    0   0   0   0   0   0   0 100   0   0   0   0   0   0   0   0   0   0   0   0  1.09 0.02
   21 C    2 -1 -2 -2  7  2 -1 -2 -2 -2 -2 -1 -1 -3 -2  0 -1 -3 -2 -1   27   0   0   0  48  25   0   0   0   0   0   0   0   0   0   0   0   0   0   0  0.52 0.02
   22 N   -1  0  5  1 -2  0  0  0  0 -2 -2  0 -2 -2 -1  0  0 -2 -2 -2    2   1  73   2   1   1   2   2   1   1   3   2   1   1   1   2   2   0   1   2  0.47 0.02
   23 R   -1  5  0 -1 -2  1  0 -2  0 -2 -2  2 -1 -2 -1 -1 -1 -2 -1 -2    2  73   1   2   1   1   2   2   1   1   3   2   1   1   1   2   2   0   1   2  0.47 0.02
   24 A    2 -1 -1 -1 -1 -1 -1 -1 -1  0  0 -1  0 -1 -1  0  2 -2 -1  1   32   1   1   2   1   1   2   2   1   1   3   2   1   1   1   2  21   0   1  25  0.11 0.01
   25 M   -1 -1 -1 -2 -1 -1 -1 -2 -2  2  1 -1  2 -1 -1  0  2 -2 -1  1    2   1   1   2   1   1   2   2   1  36   3   2  14   1   1   2  25   0   1   2  0.10 0.01
   26 E    0  0  0  0 -2  1  3  2 -1 -2 -2  2 -1 -2 -1  0 -1 -2 -2 -2    2   1   1   2   1   1  31  26   1   1   3  20   1   1   1   2   2   0   1   2  0.25 0.01
   27 L   -1 -1 -2 -2 -1 -1 -2 -2 -2  1  3 -2  2  0 -2 -2 -1 -1 -1  1    2   1   1   2   1   1   2   2   1   1  75   2   1   1   1   2   2   0   1   2  0.24 0.01
   28 L   -2 -2 -3 -4 -2 -2 -3 -4 -2  1  3 -3  3  3 -3 -2 -1 -1  0  0    0   0   0   0   0   0   0   0   0   0  61   0  16  23   0   0   0   0   0   0  0.38 0.02
   29 T    0 -2 -1 -2 -1 -1 -1 -2 -2  0 -1 -1 -1 -2  4  0  3 -3 -2  2    0   0   0   0   0   0   0   0   0   0   0   0   0   0  23   0  49   0   0  28  0.42 0.02
   30 G    0 -2 -1  0 -3  0  2  5 -2 -4 -4 -1 -3 -3 -2  0 -2 -3 -3 -3    0   0   0   0   0   0  28  72   0   0   0   0   0   0   0   0   0   0   0   0  0.73 0.03
   31 K   -1  1  3  0 -3  1  0 -1 -1 -3 -3  4 -2 -3 -1  1  0 -3 -2 -3    0   0  23   0   0   0   0   0   0   0   0  58   0   0   0  19   0   0   0   0  0.39 0.02
   32 S    0  1 -1 -2 -2 -1 -1 -2  0 -1  1  0  0  0 -2  2  0 -1  3 -1    0  16   0   0   0   0   0   0   0   0  28   0   0   0   0  33   0   0  23   0  0.15 0.02
   33 E   -1 -1 -1  2 -3  0  3 -3  0  0 -1  0 -1  0 -2 -1 -1 -1  3  1    0   0   0  16   0   0  42   0   0   0   0   0   0   0   0   0   0   0  19  23  0.26 0.02
   34 K   -1  2  0  0 -3  1  3 -2 -1 -3 -3  4 -2 -3 -1  0 -1 -3 -2 -3    0   0   0   0   0   0  23   0   0   0   0  77   0   0   0   0   0   0   0   0  0.52 0.03
   35 Q    0  0  0 -1 -2  2  0 -1 -1 -1 -2  1 -1 -2 -1  3  1 -3 -2  0    0   0   0   0   0  14   0   0   0   0   0  16   0   0   0  51   0   0   0  19  0.21 0.02
   36 L   -1 -2 -3 -2 -2 -1  1 -4 -2  3  2 -2  1  0 -3 -2 -1 -3 -2  2    0   0   0   0   0   0  19   0   0  51  30   0   0   0   0   0   0   0   0   0  0.23 0.02
   37 V    2 -2 -3 -3 -1 -1 -2 -2 -2  2  1 -2  3 -1 -2 -1  0 -3 -1  3   28   0   0   0   0   0   0   0   0   0   0   0  23   0   0   0   0   0   0  49  0.21 0.02
   38 H   -1  0  0  0 -3  1  3 -2  6 -3 -3  2 -2 -2 -2 -1 -1 -3  0 -3    0   0   0   0   0   0  28   0  53   0   0  19   0   0   0   0   0   0   0   0  0.56 0.03
   39 L   -2 -3 -4 -4 -1 -3 -3 -4 -3  3  3 -3  2  0 -3 -3 -1 -2 -1  2    0   0   0   0   0   0   0   0   0  35  65   0   0   0   0   0   0   0   0   0  0.39 0.00
   40 K   -1  2  0 -1 -3  1  1 -2 -1 -3 -3  5 -1 -3 -1  0 -1 -3 -2 -2    0   0   0   0   0   0   0   0   0   0   0 100   0   0   0   0   0   0   0   0  0.54 0.01
   41 P   -1 -2 -2 -2 -3 -1 -1 -2 -2 -3 -3 -1 -3 -4  8 -1 -1 -4 -3 -3    0   0   0   0   0   0   0   0   0   0   0   0   0   0 100   0   0   0   0   0  2.05 0.00