Last position-specific scoring matrix computed, weighted observed percentages rounded down, information per position, and relative weight of gapless real matches to pseudocounts
           A  R  N  D  C  Q  E  G  H  I  L  K  M  F  P  S  T  W  Y  V   A   R   N   D   C   Q   E   G   H   I   L   K   M   F   P   S   T   W   Y   V
    1 A    4 -2 -2 -2  0 -1 -1  0 -2 -1 -2 -1 -1 -2 -1  1  0 -3 -2  0  100   0   0   0   0   0   0   0   0   0   0   0   0   0   0   0   0   0   0   0  0.40 0.00
    2 E   -1 -1  0  4 -4  1  5 -2  0 -3 -3  0 -3 -4 -1  0 -1 -3 -3 -3    0   0   0  33   0   0  67   0   0   0   0   0   0   0   0   0   0   0   0   0  0.68 0.01
    3 F   -2 -3 -3 -4 -3 -3 -3 -3 -1  0  0 -3  0  7 -4 -3 -2  1  3 -1    0   0   0   0   0   0   0   0   0   0   0   0   0 100   0   0   0   0   0   0  0.78 0.01
    4 K   -1  3  0 -1 -3  0  0  3 -1 -3 -3  3 -2 -3 -2  0 -1 -3 -2 -3    0  33   0   0   0   0   0  33   0   0   0  33   0   0   0   0   0   0   0   0  0.44 0.00
    5 H   -2 -1  0 -2 -3  0 -1 -3  7 -3 -2 -1 -2  1 -3 -1 -2  0  5 -3    0   0   0   0   0   0   0   0  67   0   0   0   0   0   0   0   0   0  33   0  0.71 0.01
    6 L   -2 -2 -4 -4 -1 -2 -3 -4 -3  2  4 -3  2  0 -3 -3 -1 -2 -1  1    0   0   0   0   0   0   0   0   0   0 100   0   0   0   0   0   0   0   0   0  0.47 0.01
    7 T    0  0  0 -1 -2  3  0 -2 -1 -1 -2  0 -1 -3 -1  1  4 -2 -2 -1    0   0   0   0   0  33   0   0   0   0   0   0   0   0   0   0  67   0   0   0  0.38 0.01
    8 L   -2 -2 -4 -4 -1 -2 -3 -4 -3  2  4 -3  2  0 -3 -3 -1 -2 -1  1    0   0   0   0   0   0   0   0   0   0 100   0   0   0   0   0   0   0   0   0  0.47 0.01
    9 R   -1  3 -1 -2 -2  0  0 -2 -1  0 -1  3 -1 -2 -2 -1 -1 -3 -2  1    0  33   0   0   0   0   0   0   0   0   0  33   0   0   0   0   0   0   0  33  0.25 0.00
   10 E   -1  0  0  2 -4  2  5 -2  0 -3 -3  1 -2 -3 -1  0 -1 -3 -2 -3    0   0   0   0   0   0 100   0   0   0   0   0   0   0   0   0   0   0   0   0  0.76 0.01
   11 Q   -1  1  0  0 -3  6  2 -2  0 -3 -2  1 -1 -3 -1  0 -1 -2 -2 -2    0   0   0   0   0 100   0   0   0   0   0   0   0   0   0   0   0   0   0   0  0.69 0.01
   12 R   -1  5  0 -1 -4  1  0 -2  0 -3 -2  3 -1 -3 -2 -1 -1 -3 -2 -3    0  67   0   0   0   0   0   0   0   0   0  33   0   0   0   0   0   0   0   0  0.62 0.01
   13 C    0 -1  0 -1  6 -1 -1 -1 -1 -1 -1 -1 -1 -2 -1  2  0 -2 -1 -1    3   2   1   2  34   1   2   2   1   2   3   2   1   1   2  36   2   0   1   2  0.29 0.00
   14 G    0 -1  0 -1 -2 -1 -1  5 -1 -2 -2 -1 -2 -2 -1  0 -1 -2 -2 -2    3   2   1   2   1   1   2  69   1   2   3   2   1   1   2   2   2   0   1   2  0.54 0.00
   15 N   -1 -1  5  1 -3 -1 -1  3  0 -4 -4 -1 -3 -3 -2  0 -1 -4 -3 -3    0   0  67   0   0   0   0  33   0   0   0   0   0   0   0   0   0   0   0   0  0.60 0.01
   16 G    2 -2  0 -1 -1 -1 -1  3 -2 -2 -3 -1 -2 -3 -1  2  0 -3 -2 -2   33   0   0   0   0   0   0  33   0   0   0   0   0   0   0  33   0   0   0   0  0.40 0.00
   17 G    0 -3 -1 -1 -3 -2 -2  6 -2 -4 -4 -2 -3 -3 -2  0 -2 -3 -3 -3    0   0   0   0   0   0   0 100   0   0   0   0   0   0   0   0   0   0   0   0  1.06 0.01
   18 R   -1  4  0 -1 -2  1  0 -2 -1 -2 -2  3 -1 -3 -1  0  2 -3 -2 -2    0  33   0   0   0   0   0   0   0   0   0  33   0   0   0   0  33   0   0   0  0.36 0.00
   19 A    2  3 -1 -2 -2  0 -1  3 -1 -3 -2  0 -2 -3 -2  0 -1 -3 -2 -2   33  33   0   0   0   0   0  33   0   0   0   0   0   0   0   0   0   0   0   0  0.36 0.00
   20 N    0 -1  4  0 -1  0  0 -1 -1 -2 -2  0 -1 -3 -1  3  3 -3 -2 -1    0   0  33   0   0   0   0   0   0   0   0   0   0   0   0  33  33   0   0   0  0.37 0.00
   21 C   -1 -1  5  0  6 -1 -1 -1  0 -3 -3 -1 -2 -3 -2  0  0 -3 -2 -2    0   0  67   0  33   0   0   0   0   0   0   0   0   0   0   0   0   0   0   0  0.58 0.01
   22 D   -1  1  0  4 -4  1  3 -2 -1 -3 -3  3 -2 -4 -1  0 -1 -4 -2 -3    0   0   0  33   0   0  33   0   0   0   0  33   0   0   0   0   0   0   0   0  0.50 0.00
   23 A    2 -2 -1 -2 -2 -2 -2  5 -2 -3 -3 -1 -2 -3 -2  0 -1 -3 -3 -2   33   0   0   0   0   0   0  67   0   0   0   0   0   0   0   0   0   0   0   0  0.66 0.01
   24 S    0 -2 -1 -1 -2 -1 -1 -2 -2 -3 -3 -1 -2 -3  7  2  0 -4 -3 -2    0   0   0   0   0   0   0   0   0   0   0   0   0   0  67  33   0   0   0   0  1.24 0.01
   25 L   -2 -2 -4 -4 -1 -2 -3 -4 -3  2  4 -3  2  0 -3 -3 -1 -2 -1  1    0   0   0   0   0   0   0   0   0   0 100   0   0   0   0   0   0   0   0   0  0.47 0.01
   26 I   -1 -3 -2 -3 -2 -3 -3  3 -3  3  1 -2  0 -1 -3 -2 -1 -3 -2  2    0   0   0   0   0   0   0  33   0  67   0   0   0   0   0   0   0   0   0   0  0.26 0.01
   27 V    0 -3 -3 -3 -1 -2 -3 -3 -3  3  1 -2  1 -1 -3 -2  0 -3 -1  4    0   0   0   0   0   0   0   0   0   0   0   0   0   0   0   0   0   0   0 100  0.37 0.01
   28 T    0 -1  0 -1 -1 -1 -1 -2 -2 -1 -1 -1 -1 -2 -1  1  5 -3 -2  0    0   0   0   0   0   0   0   0   0   0   0   0   0   0   0   0 100   0   0   0  0.50 0.01
   29 E   -1  0  0  2 -4  2  5 -2  0 -3 -3  1 -2 -3 -1  0 -1 -3 -2 -3    0   0   0   0   0   0 100   0   0   0   0   0   0   0   0   0   0   0   0   0  0.76 0.01
   30 E   -1  0  0  2 -4  2  5 -2  0 -3 -3  1 -2 -3 -1  0 -1 -3 -2 -3    0   0   0   0   0   0 100   0   0   0   0   0   0   0   0   0   0   0   0   0  0.76 0.01
   31 L   -2 -2 -4 -4 -1 -2 -3 -4 -3  2  4 -3  2  0 -3 -3 -1 -2 -1  1    0   0   0   0   0   0   0   0   0   0 100   0   0   0   0   0   0   0   0   0  0.47 0.01
   32 H   -2  0  1 -1 -3  0  0 -2  8 -4 -3 -1 -2 -1 -2 -1 -2 -3  2 -3    0   0   0   0   0   0   0   0 100   0   0   0   0   0   0   0   0   0   0   0  0.92 0.02
   33 L    0 -2 -1 -2 -1 -2 -2 -2 -2  2  2 -2  1 -1 -2  1  0 -2 -1  1    0   0   0   0   0   0   0   0   0  33  33   0   0   0   0  33   0   0   0   0  0.16 0.00
   34 I   -1 -3 -4 -4 -1 -3 -3 -4 -3  4  3 -3  2  0 -3 -3 -1 -2 -1  2    0   0   0   0   0   0   0   0   0  67  33   0   0   0   0   0   0   0   0   0  0.37 0.01
   35 T    1 -1  0 -1 -1  0  0 -1 -1 -2 -2  0 -1 -2 -1  4  3 -3 -2 -1    0   0   0   0   0   0   0   0   0   0   0   0   0   0   0  67  33   0   0   0  0.40 0.01
   36 F   -2 -3 -3 -4 -3 -3 -3 -3 -1  0  0 -3  0  7 -4 -3 -2  1  3 -1    0   0   0   0   0   0   0   0   0   0   0   0   0 100   0   0   0   0   0   0  0.74 0.00
   37 E   -1  0  0  2 -4  2  5 -2  0 -3 -3  1 -2 -3 -1  0 -1 -3 -2 -3    0   0   0   0   0   0 100   0   0   0   0   0   0   0   0   0   0   0   0   0  0.73 0.00
   38 T    0 -1  0 -1 -1 -1 -1 -2 -2 -1 -1 -1 -1 -2 -1  1  5 -3 -2  0    0   0   0   0   0   0   0   0   0   0   0   0   0   0   0   0 100   0   0   0  0.47 0.00
   39 E   -1  1  0  1 -3  4  4 -2  0 -3 -3  1 -1 -3 -1  0 -1 -3 -2 -2    0   0   0   0   0  50  50   0   0   0   0   0   0   0   0   0   0   0   0   0  0.60 0.00
   40 V    0 -2 -3 -3 -1 -2 -2 -3 -3  2  1 -2  1 -1 -2 -2  0 -3 -1  4    0   0   0   0   0   0   0   0   0   0   0   0   0   0   0   0   0   0   0   0  0.00     0.00
   41 Y   -2 -2 -2 -3 -2 -1 -2 -3  2 -1 -1 -2 -1  3 -3 -2 -2  2  6 -1    0   0   0   0   0   0   0   0   0   0   0   0   0   0   0   0   0   0   0   0  0.00     0.00
