Last position-specific scoring matrix computed, weighted observed percentages rounded down, information per position, and relative weight of gapless real matches to pseudocounts
            A   R   N   D   C   Q   E   G   H   I   L   K   M   F   P   S   T   W   Y   V   A   R   N   D   C   Q   E   G   H   I   L   K   M   F   P   S   T   W   Y   V
    1 S     1  -1   1   0  -1   0   0   0  -1  -3  -3   0  -2  -3  -1   5   1  -3  -2  -2    0   0   0   0   0   0   0   0   0   0   0   0   0   0   0 100   0   0   0   0  0.48 0.01
    2 V     0  -3  -3  -4  -1  -3  -3  -4  -4   3   1  -3   1  -1  -3  -2   0  -3  -1   4    0   0   0   0   0   0   0   0   0   0   0   0   0   0   0   0   0   0   0 100  0.37 0.01
    3 D     3  -2  -1   3  -2  -1   0  -1  -2  -2  -3  -1  -2  -3   4   0  -1  -4  -3  -1   50   0   0  24   0   0   0   0   0   0   0   0   0   0  26   0   0   0   0   0  0.49 0.00
    4 I    -2  -3  -4  -4  -1  -3  -4  -4  -4   5   2  -3   1   0  -3  -3  -1  -3  -2   3    0   0   0   0   0   0   0   0   0 100   0   0   0   0   0   0   0   0   0   0  0.42 0.01
    5 L    -2  -2  -4  -4  -1  -2  -3  -4  -3   2   4  -3   2   0  -3  -3  -1  -2  -1   1    0   0   0   0   0   0   0   0   0   0 100   0   0   0   0   0   0   0   0   0  0.47 0.01
    6 R    -1   5   0  -1  -4   3   1  -2   0  -3  -3   3  -1  -3  -2  -1  -1  -3  -2  -3    0  50   0   0   0  25   0   0   0   0   0  24   0   0   0   0   0   0   0   0  0.54 0.00
    7 R    -1   3   0  -1  -3   4   1  -2   0  -3  -3   3  -1  -3  -2   0  -1  -3  -2  -3    0  24   0   0   0  51   0   0   0   0   0  25   0   0   0   0   0   0   0   0  0.51 0.01
    8 W    -3  -3  -4  -5  -3  -2  -3  -3  -3  -3  -2  -3  -2   1  -4  -3  -3  12   2  -3    0   0   0   0   0   0   0   0   0   0   0   0   0   0   0   0   0 100   0   0  2.40 0.02
    9 K    -1   0   2  -1  -2   0  -1  -2  -1   0   3   2   1  -1  -2  -1  -1  -3  -2   0    0   0  24   0   0   0   0   0   0   0  52  24   0   0   0   0   0   0   0   0  0.15 0.00
   10 N     1   0   3   0  -2   0   0  -1  -1  -2  -2   2  -1  -3  -1   1   2  -3  -2  -1   24   0  24   0   0   0   0   0   0   0   0  25   0   0   0   0  26   0   0   0  0.24 0.00
   11 H     0  -2   0  -1  -2  -1  -1   4   4  -3  -3  -1  -2  -3  -2   0   2  -3  -1  -2    0   0   0   0   0   0   0  52  24   0   0   0   0   0   0   0  24   0   0   0  0.47 0.00
   12 G    -1   4  -1  -2  -3   0  -1   4  -1  -4  -3   1  -2  -3  -2  -1  -2  -3  -3  -3    0  52   0   0   0   0   0  48   0   0   0   0   0   0   0   0   0   0   0   0  0.56 0.01
   13 C    -1  -3  -2  -3   7  -2  -3   2  -1  -2  -2  -3  -2   0  -3  -1  -1  -1   3  -2    0   0   0   0  48   0   0  26   0   0   0   0   0   0   0   0   0   0  25   0  0.57 0.01
   14 Q    -1   4   0  -1  -3   4   1  -2   0  -3  -3   3  -1  -3  -2   0  -1  -3  -2  -3    0  26   0   0   0  48   0   0   0   0   0  25   0   0   0   0   0   0   0   0  0.51 0.01
   15 R    -1   2  -2  -2  -3  -1  -1  -2  -2  -3  -3   0  -2  -4   7  -1  -1  -4  -3  -3    0  24   0   0   0   0   0   0   0   0   0   0   0   0  76   0   0   0   0   0  1.45 0.01
   16 V     0  -3  -3  -4  -1  -3  -3  -4  -4   3   1  -3   1  -1  -3  -2   0  -3  -1   4    0   0   0   0   0   0   0   0   0   0   0   0   0   0   0   0   0   0   0 100  0.37 0.01
   17 K    -1   3  -1  -2  -3   1   0  -2   0  -3  -2   4  -1   0  -2  -1  -1  -1   4  -2    0  24   0   0   0   0   0   0   0   0   0  49   0   0   0   0   0   0  26   0  0.38 0.00
   18 Y    -2  -2  -1   3  -3  -1  -1  -3   1  -2  -2  -2  -2   2  -3  -1  -2   1   7  -2    0   0   0  26   0   0   0   0   0   0   0   0   0   0   0   0   0   0  74   0  0.60 0.01
   19 G     0  -3  -1  -2  -3  -2  -2   6  -2  -4  -4  -2  -3  -4  -2   0  -2  -3  -3  -4    0   0   0   0   0   0   0 100   0   0   0   0   0   0   0   0   0   0   0   0  1.06 0.01
   20 Q    -1   1   0   0  -3   6   2  -2   0  -3  -2   1  -1  -4  -2   0  -1  -2  -2  -3    0   0   0   0   0 100   0   0   0   0   0   0   0   0   0   0   0   0   0   0  0.69 0.01
   21 C     2  -3  -3  -3   9  -3  -3  -2  -3  -1  -2  -3  -2  -3  -2   0  -1  -3  -3  -1   26   0   0   0  74   0   0   0   0   0   0   0   0   0   0   0   0   0   0   0  0.85 0.01
   22 W    -3  -3  -4  -5  -3  -2  -3  -3  -3  -3  -2  -3  -2   1  -4  -3  -3  12   2  -3    0   0   0   0   0   0   0   0   0   0   0   0   0   0   0   0   0 100   0   0  2.40 0.02
   23 V     0  -3  -3  -4  -1  -3  -3  -4  -4   3   1  -3   1  -1  -3  -2   0  -3  -1   4    0   0   0   0   0   0   0   0   0   0   0   0   0   0   0   0   0   0   0 100  0.37 0.01
   24 F    -2  -3  -4  -4  -2  -3  -4  -4  -2   0   2  -3   1   6  -4  -3  -2   0   3   0    0   0   0   0   0   0   0   0   0   0  26   0   0  74   0   0   0   0   0   0  0.56 0.01
   25 A     5  -2  -2  -2  -1  -1  -1   0  -2  -2  -2  -1  -1  -3  -1   1   0  -3  -2   0  100   0   0   0   0   0   0   0   0   0   0   0   0   0   0   0   0   0   0   0  0.42 0.01
   26 A     4  -2  -1  -2  -1  -1  -1   3  -2  -2  -2  -1  -1  -3  -1   1   0  -3  -2  -1   75   0   0   0   0   0   0  25   0   0   0   0   0   0   0   0   0   0   0   0  0.41 0.01
   27 V     0  -3  -3  -4  -1  -3  -3  -4  -4   3   1  -3   1  -1  -3  -2   0  -3  -1   4    0   0   0   0   0   0   0   0   0   0   0   0   0   0   0   0   0   0   0 100  0.37 0.01
   28 A     3  -2  -2  -3  -1  -1  -2  -1  -2   0   2  -1   3  -1  -2   0  -1  -2  -2   0   50   0   0   0   0   0   0   0   0   0  25   0  24   0   0   0   0   0   0   0  0.19 0.00
   29 C    -1  -4  -3  -4  10  -3  -4  -3  -3  -1  -2  -4  -2  -3  -3  -1  -1  -3  -3  -1    0   0   0   0 100   0   0   0   0   0   0   0   0   0   0   0   0   0   0   0  1.28 0.01
   30 T     0  -1   0  -1  -1  -1  -1  -2  -2  -1  -1  -1  -1  -2  -1   1   5  -3  -2   0    0   0   0   0   0   0   0   0   0   0   0   0   0   0   0   0 100   0   0   0  0.50 0.01
   31 V     0  -3  -3  -4  -1  -3  -3  -4  -4   3   1  -3   1  -1  -3  -2   0  -3  -1   4    0   0   0   0   0   0   0   0   0   0   0   0   0   0   0   0   0   0   0 100  0.37 0.01
   32 L    -2  -2  -3  -4  -2  -2  -3  -4  -3   2   4  -2   4   0  -3  -2  -1  -2  -1   1    0   0   0   0   0   0   0   0   0   0  76   0  24   0   0   0   0   0   0   0  0.40 0.01
   33 R    -2   6  -1  -2  -4   1   0  -3   0  -3  -2   2  -2  -3  -2  -1  -1  -3  -2  -3    0 100   0   0   0   0   0   0   0   0   0   0   0   0   0   0   0   0   0   0  0.78 0.01
   34 C    -1  -4  -3  -4  10  -3  -4  -3  -3  -1  -2  -4  -2  -3  -3  -1  -1  -3  -3  -1    0   0   0   0 100   0   0   0   0   0   0   0   0   0   0   0   0   0   0   0  1.28 0.01
   35 L    -2  -2  -4  -4  -1  -2  -3  -4  -3   2   4  -3   2   0  -3  -3  -1  -2  -1   1    0   0   0   0   0   0   0   0   0   0 100   0   0   0   0   0   0   0   0   0  0.47 0.01
   36 G     0  -3  -1  -2  -3  -2  -2   6  -2  -4  -4  -2  -3  -4  -2   0  -2  -3  -3  -4    0   0   0   0   0   0   0 100   0   0   0   0   0   0   0   0   0   0   0   0  1.06 0.01
   37 I    -2  -3  -4  -4  -1  -3  -4  -4  -4   5   2  -3   1   0  -3  -3  -1  -3  -2   3    0   0   0   0   0   0   0   0   0 100   0   0   0   0   0   0   0   0   0   0  0.42 0.01
   38 P     1  -2  -2  -2  -2  -1  -1  -2  -2  -3  -3  -1  -2  -4   7   0  -1  -4  -3  -2   25   0   0   0   0   0   0   0   0   0   0   0   0   0  75   0   0   0   0   0  1.40 0.01
   39 T     2  -1   0  -1  -1  -1  -1  -1  -2  -1  -1  -1  -1  -2  -1   1   4  -3  -2   0   26   0   0   0   0   0   0   0   0   0   0   0   0   0   0   0  74   0   0   0  0.37 0.01
   40 R    -2   6  -1  -2  -4   1   0  -3   0  -3  -2   2  -2  -3  -2  -1  -1  -3  -2  -3    0 100   0   0   0   0   0   0   0   0   0   0   0   0   0   0   0   0   0   0  0.78 0.01
   41 V     0  -3  -3  -3  -1  -2  -3  -3  -3   3   1  -2   1  -1  -2  -2   0  -3  -1   4    0   0   0   0   0   0   0   0   0   0   0   0   0   0   0   0   0   0   0   0  0.00     0.00
