Last position-specific scoring matrix computed, weighted observed percentages rounded down, information per position, and relative weight of gapless real matches to pseudocounts
            A   R   N   D   C   Q   E   G   H   I   L   K   M   F   P   S   T   W   Y   V   A   R   N   D   C   Q   E   G   H   I   L   K   M   F   P   S   T   W   Y   V
    1 G     0  -2   0  -1  -3  -2  -2   6  -2  -4  -4  -2  -3  -3  -2   0  -2  -3  -3  -3    0   0   0   0   0   0   0 100   0   0   0   0   0   0   0   0   0   0   0   0  1.05 0.01
    2 Y    -2  -2  -2  -3  -3  -2  -2  -3   1  -1  -1  -2  -1   4  -3  -2  -2   2   7  -1    0   0   0   0   0   0   0   0   0   0   0   0   0  21   0   0   0   0  79   0  0.82 0.02
    3 E    -1  -1   3   4  -3   0   2   1  -1  -3  -4   0  -3  -3  -2   0  -1  -4  -3  -3    0   0  17  51   0   0  17  15   0   0   0   0   0   0   0   0   0   0   0   0  0.56 0.01
    4 G     0  -2  -1  -1  -3  -2  -2   6  -2  -4  -4  -2  -3  -3  -2   0  -2  -3  -3  -3    0   0   0   0   0   0   0 100   0   0   0   0   0   0   0   0   0   0   0   0  1.08 0.02
    5 W    -3  -3  -4  -5  -3  -2  -3  -3  -3  -3  -2  -3  -2   1  -4  -3  -3  11   2  -3    0   0   0   0   0   0   0   0   0   0   0   0   0   0   0   0   0 100   0   0  2.46 0.04
    6 Q    -1   1   0   0  -3   6   2  -2   0  -3  -2   1  -1  -3  -1   0  -1  -2  -2  -2    0   0   0   0   0 100   0   0   0   0   0   0   0   0   0   0   0   0   0   0  0.72 0.02
    7 A     1  -3  -3  -3  -1  -2  -2  -3  -3   3   1  -2   1  -1  -2  -1   0  -3  -1   3   17   0   0   0   0   0   0   0   0  29   0   0   0   0   0   0   0   0   0  54  0.27 0.01
    8 L    -1  -2  -3  -4  -1  -2  -3  -4  -3   2   4  -3   2   0  -3  -2  -1  -2  -1   2    0   0   0   0   0   0   0   0   0   0  79   0   0   0   0   0   0   0   0  21  0.40 0.01
    9 D    -2  -1   1   5  -4   0   1  -2   5  -3  -4  -1  -3  -3  -2  -1  -1  -4  -1  -3    0   0   0  71   0   0   0   0  29   0   0   0   0   0   0   0   0   0   0   0  0.72 0.02
   10 P     3  -2  -2  -2  -1  -1  -1  -1  -2  -2  -2  -1  -2  -3   6   0  -1  -3  -2  -1   54   0   0   0   0   0   0   0   0   0   0   0   0   0  46   0   0   0   0   0  0.83 0.01
   11 T     0  -1   0  -1  -1  -1  -1  -1  -2  -1  -2  -1  -1  -2  -1   3   4  -3  -2  -1    0   0   0   0   0   0   0   0   0   0   0   0   0   0   0  29  71   0   0   0  0.43 0.01
   12 P     2  -2  -2  -2  -2  -1  -1  -1  -2  -2  -3  -1  -2  -3   7   0  -1  -3  -3  -2   29   0   0   0   0   0   0   0   0   0   0   0   0   0  71   0   0   0   0   0  1.32 0.02
   13 Q    -1   0  -1  -1  -3   5   1  -2   0  -3  -3   1  -1  -4   4   0  -1  -3  -2  -2    0   0   0   0   0  71   0   0   0   0   0   0   0   0  29   0   0   0   0   0  0.75 0.02
   14 E    -1   0   3   1  -4   1   4  -2   0  -3  -3   0  -2  -3  -1   0  -1  -3  -2  -3    0   0  29   0   0   0  71   0   0   0   0   0   0   0   0   0   0   0   0   0  0.60 0.01
   15 K     0   0  -1  -1  -2   0   1   3  -1  -2  -1   1   1  -2  -2   0   1  -3  -2  -1    0   0   0   0   0   0  17  29   0   0   0  17  15   0   0   0  21   0   0   0  0.21 0.01
   16 S     1  -1   0  -1  -1  -1  -1   3  -1  -3  -3  -1  -2  -3  -1   3   1  -3  -2  -2    0   0   0   0   0   0   0  29   0   0   0   0   0   0   0  71   0   0   0   0  0.45 0.01
   17 E     0  -1   2   0  -3   0   3   3  -1  -3  -3   0  -2  -3  -2   1   0  -3  -2  -3    0   0  15   0   0   0  34  29   0   0   0   0   0   0   0  21   0   0   0   0  0.39 0.01
   18 G     0  -3  -1  -2  -2  -2  -2   5  -2   0  -2  -2  -1  -2  -2  -1  -1  -3  -3   1    0   0   0   0   0   0   0  71   0   0   0   0   0   0   0   0   0   0   0  29  0.57 0.01
   19 T    -1  -2  -2  -3  -1  -2  -2  -3  -3   2   2  -2   1   0  -2  -1   1  -2  -1   2    0   0   0   0   0   0   0   0   0  21  29   0   0   0   0   0  17   0   0  33  0.25 0.01
   20 Y    -1  -2  -2  -3  -3  -2  -3   2   0  -1  -1  -2  -1   4  -3  -2  -2   1   4  -2    0   0   0   0   0   0   0  29   0   0   0   0   0  39   0   0   0   0  32   0  0.47 0.01
   21 C     0   1  -1  -2   7  -1  -2  -2  -2  -2  -2  -1  -2  -3  -2   2   0  -3  -2  -1    0  17   0   0  53   0   0   0   0   0   0   0   0   0   0  29   0   0   0   0  0.56 0.01
   22 C    -1  -4  -3  -4   9  -3  -4  -3  -3  -1  -1  -3  -2  -3  -3  -1  -1  -3  -3  -1    0   0   0   0 100   0   0   0   0   0   0   0   0   0   0   0   0   0   0   0  1.34 0.03
   23 G     0  -2   0   3  -3  -1  -1   5  -2  -4  -4  -1  -3  -3  -2   0  -2  -3  -3  -3    0   0   0  29   0   0   0  71   0   0   0   0   0   0   0   0   0   0   0   0  0.76 0.01
   24 P    -1  -2  -3  -2  -2  -2  -2  -3  -3  -1   1  -1   0  -2   7  -1  -1  -3  -2  -1    0   0   0   0   0   0   0   0   0   0  29   0   0   0  71   0   0   0   0   0  1.24 0.02
   25 V     2  -2  -2  -3   5  -2  -2  -2  -3   1   0  -2   0  -2  -2   0   0  -3  -2   2   33   0   0   0  21   0   0   0   0   0   0   0   0   0   0   0   0   0   0  46  0.27 0.01
   26 P     0  -1   0  -1  -2  -1  -1  -1  -2  -3  -3  -1  -2  -3   6   3   0  -3  -2  -2    0   0   0   0   0   0   0   0   0   0   0   0   0   0  46  54   0   0   0   0  0.86 0.01
   27 V     0  -3  -3  -3  -1  -2  -3  -3  -3   3   1  -2   1  -1  -3  -2   0  -3  -1   4    0   0   0   0   0   0   0   0   0   0   0   0   0   0   0   0   0   0   0 100  0.39 0.02
   28 R    -1   5   0  -1  -3   1   2  -2  -1  -3  -2   2  -1  -3  -2   0   1  -3  -2  -2    0  61   0   0   0   0  21   0   0   0   0   0   0   0   0   0  17   0   0   0  0.47 0.01
   29 A     4  -1  -1  -1  -1  -1  -1   0  -2  -2  -2  -1  -1  -2  -1   2   0  -3  -2  -1   79   0   0   0   0   0   0   0   0   0   0   0   0   0   0  21   0   0   0   0  0.38 0.01
   30 I    -1  -3  -3  -3  -1  -3  -3  -4  -3   4   1  -3   1   0  -3  -2  -1  -3  -1   3    0   0   0   0   0   0   0   0   0  71   0   0   0   0   0   0   0   0   0  29  0.39 0.01
   31 K    -1   3   0  -1  -3   1   1  -2  -1  -3  -3   5  -1  -3  -1   0  -1  -3  -2  -2    0  17   0   0   0   0   0   0   0   0   0  83   0   0   0   0   0   0   0   0  0.54 0.02
   32 E    -1   0   2   1  -4   2   5  -2   0  -3  -3   1  -2  -3  -1   0  -1  -3  -2  -3    0   0  21   0   0   0  79   0   0   0   0   0   0   0   0   0   0   0   0   0  0.63 0.02
   33 G     0  -2  -1  -1  -3  -2  -2   6  -2  -4  -4  -2  -3  -3  -2   0  -2  -3  -3  -3    0   0   0   0   0   0   0 100   0   0   0   0   0   0   0   0   0   0   0   0  1.08 0.02
   34 D    -2  -1   0   4  -3   0   2  -2  -1  -1   1  -1  -1  -2  -2  -1  -1  -3  -2  -1    0   0   0  50   0   0  22   0   0   0  28   0   0   0   0   0   0   0   0   0  0.38 0.00
   35 L    -1  -3  -3  -3  -1  -2  -3  -3  -3   2   2  -2   1  -1  -3  -2   0  -3  -1   3    0   0   0   0   0   0   0   0   0   0  26   0   0   0   0   0   0   0   0  74  0.32 0.01
   36 S     0  -1   0   3  -2  -1   0  -1   0  -2  -2  -1  -2   1  -2   2   0   0   4  -2    0   0   0  32   0   0   0   0   0   0   0   0   0   0   0  34   0   0  35   0  0.33 0.00
   37 T    -1  -2  -2  -2  -1  -1  -2  -3  -2   1   2  -1   4   0  -2   0   2  -2  -1   0    0   0   0   0   0   0   0   0   0   0  32   0  35   0   0   0  34   0   0   0  0.23 0.00
   38 K    -1   2   3   0  -3   1   0  -1   0  -3  -3   4  -2  -3  -1   0  -1  -3  -2  -3    0   0  32   0   0   0   0   0   0   0   0  68   0   0   0   0   0   0   0   0  0.44 0.01
   39 Y    -2  -2  -2  -3  -3  -2  -2  -3   2  -1  -1  -2  -1   3  -3  -2  -2   2   7  -1    0   0   0   0   0   0   0   0   0   0   0   0   0   0   0   0   0   0 100   0  0.90 0.01
   40 D    -2  -2   1   6  -3   0   1  -1  -1  -3  -3  -1  -3  -3  -1   0  -1  -4  -3  -3    0   0   0   0   0   0   0   0   0   0   0   0   0   0   0   0   0   0   0   0  0.00     0.00
   41 A     4  -1  -1  -2   0  -1  -1   0  -2  -1  -1  -1  -1  -2  -1   1   0  -2  -2   0    0   0   0   0   0   0   0   0   0   0   0   0   0   0   0   0   0   0   0   0  0.00     0.00