Last position-specific scoring matrix computed, weighted observed percentages rounded down, information per position, and relative weight of gapless real matches to pseudocounts
            A   R   N   D   C   Q   E   G   H   I   L   K   M   F   P   S   T   W   Y   V   A   R   N   D   C   Q   E   G   H   I   L   K   M   F   P   S   T   W   Y   V
    1 Y    -2  -2  -2  -3  -3  -2  -2  -3   1  -1  -1  -2  -1   4  -3  -2  -2   2   6  -1    0   0   0   0   0   0   0   0   0   0   0   0   0  27   0   0   0   0  73   0  0.78 0.01
    2 E    -1  -1   3   3  -3   0   2   2  -1  -3  -4   0  -3  -3  -2   0  -1  -3  -3  -3    0   0  25  27   0   0  26  22   0   0   0   0   0   0   0   0   0   0   0   0  0.47 0.00
    3 G     0  -2  -1  -1  -3  -2  -2   6  -2  -4  -4  -2  -3  -3  -2   0  -2  -3  -3  -3    0   0   0   0   0   0   0 100   0   0   0   0   0   0   0   0   0   0   0   0  1.07 0.01
    4 W    -3  -3  -4  -5  -3  -2  -3  -3  -3  -3  -2  -3  -2   1  -4  -3  -3  11   2  -3    0   0   0   0   0   0   0   0   0   0   0   0   0   0   0   0   0 100   0   0  2.42 0.02
    5 Q    -1   1   0   0  -3   6   2  -2   0  -3  -2   1  -1  -3  -1   0  -1  -2  -2  -2    0   0   0   0   0 100   0   0   0   0   0   0   0   0   0   0   0   0   0   0  0.70 0.02
    6 A     2  -2  -3  -3  -1  -2  -2  -2  -3   2   0  -2   0  -1  -2  -1   0  -3  -1   3   26   0   0   0   0   0   0   0   0   0   0   0   0   0   0   0   0   0   0  74  0.25 0.01
    7 L    -1  -2  -3  -4  -1  -2  -3  -4  -3   2   3  -3   2   0  -3  -2  -1  -2  -1   2    0   0   0   0   0   0   0   0   0   0  73   0   0   0   0   0   0   0   0  27  0.37 0.01
    8 D    -2  -2   1   6  -4   0   2  -1  -1  -3  -4  -1  -3  -4  -2   0  -1  -4  -3  -3    0   0   0 100   0   0   0   0   0   0   0   0   0   0   0   0   0   0   0   0  0.97 0.01
    9 P     4  -2  -2  -2  -1  -1  -1   0  -2  -2  -2  -1  -1  -3   4   1   0  -3  -2  -1   74   0   0   0   0   0   0   0   0   0   0   0   0   0  26   0   0   0   0   0  0.55 0.01
   10 T     0  -1   0  -1  -1  -1  -1  -2  -2  -1  -1  -1  -1  -2  -1   1   5  -3  -2   0    0   0   0   0   0   0   0   0   0   0   0   0   0   0   0   0 100   0   0   0  0.51 0.01
   11 P    -1  -2  -2  -2  -3  -1  -1  -2  -2  -3  -3  -1  -3  -4   8  -1  -1  -4  -3  -3    0   0   0   0   0   0   0   0   0   0   0   0   0   0 100   0   0   0   0   0  2.07 0.01
   12 Q    -1   1   0   0  -3   6   2  -2   0  -3  -2   1  -1  -3  -1   0  -1  -2  -2  -2    0   0   0   0   0 100   0   0   0   0   0   0   0   0   0   0   0   0   0   0  0.70 0.02
   13 E    -1   0   0   2  -4   2   5  -2   0  -3  -3   1  -2  -3  -1   0  -1  -3  -2  -3    0   0   0   0   0   0 100   0   0   0   0   0   0   0   0   0   0   0   0   0  0.77 0.01
   14 K    -1   0  -1   0  -2   1   2  -2  -1  -1  -1   2   2  -2  -1   0   2  -3  -2  -1    0   0   0   0   0   0  25   0   0   0   0  26  22   0   0   0  27   0   0   0  0.20 0.01
   15 S     1  -1   1   0  -1   0   0   0  -1  -3  -3   0  -2  -3  -1   4   1  -3  -2  -2    0   0   0   0   0   0   0   0   0   0   0   0   0   0   0 100   0   0   0   0  0.48 0.01
   16 E     0   0   3   1  -3   1   4  -1   0  -3  -3   0  -2  -3  -1   2   0  -3  -2  -2    0   0  22   0   0   0  50   0   0   0   0   0   0   0   0  27   0   0   0   0  0.44 0.01
   17 G     0  -2  -1  -1  -3  -2  -2   6  -2  -4  -4  -2  -3  -3  -2   0  -2  -3  -3  -3    0   0   0   0   0   0   0 100   0   0   0   0   0   0   0   0   0   0   0   0  1.07 0.01
   18 T     0  -2  -2  -3  -1  -2  -2  -3  -3   3   1  -2   1  -1  -2  -1   2  -3  -1   3    0   0   0   0   0   0   0   0   0  27   0   0   0   0   0   0  26   0   0  47  0.25 0.00
   19 Y    -2  -2  -3  -3  -3  -2  -3  -3   1  -1   0  -3  -1   5  -3  -2  -2   2   6  -1    0   0   0   0   0   0   0   0   0   0   0   0   0  52   0   0   0   0  48   0  0.72 0.01
   20 C    -1   2  -2  -3   8  -2  -2  -3  -2  -2  -2  -1  -2  -3  -3  -1  -1  -3  -2  -1    0  25   0   0  75   0   0   0   0   0   0   0   0   0   0   0   0   0   0   0  0.86 0.01
   21 C    -1  -4  -3  -4   9  -3  -4  -3  -3  -1  -1  -3  -2  -3  -3  -1  -1  -3  -3  -1    0   0   0   0 100   0   0   0   0   0   0   0   0   0   0   0   0   0   0   0  1.30 0.02
   22 G     0  -2  -1  -1  -3  -2  -2   6  -2  -4  -4  -2  -3  -3  -2   0  -2  -3  -3  -3    0   0   0   0   0   0   0 100   0   0   0   0   0   0   0   0   0   0   0   0  1.07 0.01
   23 P    -1  -2  -2  -2  -3  -1  -1  -2  -2  -3  -3  -1  -3  -4   8  -1  -1  -4  -3  -3    0   0   0   0   0   0   0   0   0   0   0   0   0   0 100   0   0   0   0   0  2.07 0.01
   24 V     3  -2  -2  -3   5  -2  -2  -1  -2   0  -1  -2  -1  -2  -2   0   0  -3  -2   1   47   0   0   0  27   0   0   0   0   0   0   0   0   0   0   0   0   0   0  26  0.31 0.01
   25 P     1  -1   0  -1  -1   0   0  -1  -1  -3  -3   0  -2  -3   4   3   1  -3  -2  -2    0   0   0   0   0   0   0   0   0   0   0   0   0   0  26  74   0   0   0   0  0.58 0.01
   26 V     0  -3  -3  -3  -1  -2  -3  -3  -3   3   1  -2   1  -1  -3  -2   0  -3  -1   4    0   0   0   0   0   0   0   0   0   0   0   0   0   0   0   0   0   0   0 100  0.38 0.01
   27 R    -1   4   0   0  -3   1   2  -2  -1  -2  -2   1  -1  -3  -2   0   2  -3  -2  -2    0  48   0   0   0   0  27   0   0   0   0   0   0   0   0   0  25   0   0   0  0.40 0.01
   28 A     4  -1  -1  -1  -1  -1  -1   0  -2  -2  -2  -1  -1  -2  -1   2   0  -3  -2  -1   73   0   0   0   0   0   0   0   0   0   0   0   0   0   0  27   0   0   0   0  0.37 0.01
   29 I    -1  -3  -3  -3  -1  -3  -3  -4  -3   4   2  -3   1   0  -3  -3  -1  -3  -1   3    0   0   0   0   0   0   0   0   0 100   0   0   0   0   0   0   0   0   0   0  0.42 0.01
   30 K    -1   4   0  -1  -3   1   1  -2  -1  -3  -3   4  -1  -3  -1   0  -1  -3  -2  -2    0  25   0   0   0   0   0   0   0   0   0  75   0   0   0   0   0   0   0   0  0.53 0.01
   31 E    -1   0   3   1  -4   1   4  -2   0  -3  -3   1  -2  -3  -1   0  -1  -3  -2  -3    0   0  27   0   0   0  73   0   0   0   0   0   0   0   0   0   0   0   0   0  0.60 0.01
   32 G     0  -2  -1  -1  -3  -2  -2   6  -2  -4  -4  -2  -3  -3  -2   0  -2  -3  -3  -3    0   0   0   0   0   0   0 100   0   0   0   0   0   0   0   0   0   0   0   0  1.07 0.01
   33 D    -2  -1   0   4  -3   0   2  -2  -1  -1   1  -1  -1  -2  -2  -1  -1  -3  -2  -1    0   0   0  50   0   0  22   0   0   0  27   0   0   0   0   0   0   0   0   0  0.39 0.01
   34 L    -1  -3  -3  -3  -1  -2  -3  -3  -3   2   2  -2   1  -1  -3  -2   0  -3  -1   4    0   0   0   0   0   0   0   0   0   0  26   0   0   0   0   0   0   0   0  74  0.33 0.01
   35 S    -1  -1   0   2  -2   0   0  -2   4  -3  -2  -1  -2   0  -2   1   0  -1   4  -2    0   0   0  22   0   0   0   0  25   0   0   0   0   0   0  26   0   0  27   0  0.33 0.01
   36 T    -1  -2  -2  -3  -1  -1  -2  -3  -2   1   3  -2   3   0  -2  -1   2  -2  -1   1    0   0   0   0   0   0   0   0   0   0  47   0  27   0   0   0  26   0   0   0  0.25 0.01
   37 K     1   1   2   0  -2   1   0  -1  -1  -3  -2   3  -2  -3  -1   0   0  -3  -2  -2   25   0  22   0   0   0   0   0   0   0   0  53   0   0   0   0   0   0   0   0  0.30 0.01
   38 Y    -2  -1  -1  -3  -3  -1  -2  -3   5  -2  -2  -2  -1   2  -3  -2  -2   2   6  -2    0   0   0   0   0   0   0   0  25   0   0   0   0   0   0   0   0   0  75   0  0.75 0.01
   39 D    -2  -2   1   6  -4   0   2  -1  -1  -3  -4  -1  -3  -4  -2   0  -1  -4  -3  -3    0   0   0 100   0   0   0   0   0   0   0   0   0   0   0   0   0   0   0   0  0.97 0.01
   40 A     4  -1  -1  -2   0  -1  -1   0  -2  -1  -1  -1  -1  -2  -1   1   0  -2  -2   0    0   0   0   0   0   0   0   0   0   0   0   0   0   0   0   0   0   0   0   0  0.00     0.00
   41 P    -1  -2  -2  -1  -3  -1  -1  -2  -2  -3  -3  -1  -2  -3   7  -1  -1  -4  -3  -2    0   0   0   0   0   0   0   0   0   0   0   0   0   0   0   0   0   0   0   0  0.00     0.00