Last position-specific scoring matrix computed, weighted observed percentages rounded down, information per position, and relative weight of gapless real matches to pseudocounts
           A  R  N  D  C  Q  E  G  H  I  L  K  M  F  P  S  T  W  Y  V   A   R   N   D   C   Q   E   G   H   I   L   K   M   F   P   S   T   W   Y   V
    1 K   -1  4  0 -1 -3  1  0 -2 -1 -3 -2  4 -1 -3 -1  0 -1 -3 -2 -2    0  35   0   0   0   0   0   0   0   0   0  65   0   0   0   0   0   0   0   0  0.54 0.01
    2 N   -1  3  3  0 -2  0  0 -1  0 -2 -2  1 -1 -3 -2  1  2 -3 -2 -2    0  35  31   0   0   0   0   0   0   0   0   0   0   0   0   0  33   0   0   0  0.35 0.00
    3 A    2 -1 -1 -2 -1  3  0 -1 -1  2  0  0  0 -2 -2  0 -1 -2 -2  1   31   0   0   0   0  33   0   0   0  35   0   0   0   0   0   0   0   0   0   0  0.15 0.00
    4 I   -1 -2 -3 -3 -1 -2 -3 -3 -3  3  3 -2  4  0 -3 -2 -1 -2 -1  1    0   0   0   0   0   0   0   0   0  31  35   0  33   0   0   0   0   0   0   0  0.32 0.00
    5 P   -1 -2 -1  3 -3 -1  0 -2 -2 -3 -3 -1 -3 -4  6 -1 -1 -4 -3 -3    0   0   0  33   0   0   0   0   0   0   0   0   0   0  67   0   0   0   0   0  1.32 0.01
    6 Q    2 -1 -1 -1 -2  3  0 -1 -1 -2 -2  0 -1 -3  5  0 -1 -3 -2 -1   35   0   0   0   0  31   0   0   0   0   0   0   0   0  33   0   0   0   0   0  0.58 0.00
    7 T   -1  0  0 -1 -2  3  1 -2  5 -2 -2  0 -1 -2 -2  0  2 -2  0 -2    0   0   0   0   0  33   0   0  35   0   0   0   0   0   0   0  31   0   0   0  0.38 0.01
    8 G    3 -2 -1 -2 -1 -1 -1  3 -2 -2 -2 -1 -1 -3 -1  1  0 -3 -2 -1   69   0   0   0   0   0   0  31   0   0   0   0   0   0   0   0   0   0   0   0  0.42 0.00
    9 K   -1  2  0 -1 -3  1  1 -2 -1 -3 -3  5 -1 -3 -1  0 -1 -3 -2 -2    0   0   0   0   0   0   0   0   0   0   0 100   0   0   0   0   0   0   0   0  0.54 0.01
   10 I   -1 -3 -3 -3 -1 -3 -3 -4 -3  4  3 -3  1  0 -3 -2 -1 -2 -1  2    0   0   0   0   0   0   0   0   0  67  33   0   0   0   0   0   0   0   0   0  0.37 0.00
   11 A    3 -1 -1 -1 -1 -1 -1  0 -1 -2 -2 -1 -1 -2 -1  3  1 -3 -2 -1   65   0   0   0   0   0   0   0   0   0   0   0   0   0   0  35   0   0   0   0  0.36 0.00
   12 K   -1  1  0  3 -3  1  1 -2 -1 -3 -3  4 -2 -3 -1  0 -1 -3 -2 -3    0   0   0  35   0   0   0   0   0   0   0  65   0   0   0   0   0   0   0   0  0.47 0.01
   13 D   -2 -2  1  6 -4  0  2 -1 -1 -3 -4 -1 -3 -4 -2  0 -1 -4 -3 -3    0   0   0 100   0   0   0   0   0   0   0   0   0   0   0   0   0   0   0   0  0.96 0.01
   14 A    3 -1 -1 -1 -1 -1 -1  0 -1 -2 -2 -1 -1 -2 -1  3  1 -3 -2 -1   65   0   0   0   0   0   0   0   0   0   0   0   0   0   0  35   0   0   0   0  0.36 0.00
   15 K   -1  2  0 -1 -3  1  1 -2 -1 -3 -3  5 -1 -3 -1  0 -1 -3 -2 -2    0   0   0   0   0   0   0   0   0   0   0 100   0   0   0   0   0   0   0   0  0.54 0.01
   16 E   -1  0  0  2 -4  2  5 -2  0 -3 -3  1 -2 -3 -1  0 -1 -3 -2 -3    0   0   0   0   0   0 100   0   0   0   0   0   0   0   0   0   0   0   0   0  0.76 0.01
   17 C    0 -2 -2 -2  8 -2 -2 -2 -3 -1 -1 -2 -1 -2 -2  0  2 -2 -2 -1    0   0   0   0  65   0   0   0   0   0   0   0   0   0   0   0  35   0   0   0  0.74 0.01
   18 V    2 -2 -3 -3 -1 -2 -2 -2 -3  3  1 -2  0 -1 -2 -1  0 -3 -1  3   33   0   0   0   0   0   0   0   0  35   0   0   0   0   0   0   0   0   0  31  0.21 0.00
   19 Q   -1  1  0  0 -3  6  2 -2  0 -3 -2  1  0 -3 -1  0 -1 -2 -2 -2    0   0   0   0   0 100   0   0   0   0   0   0   0   0   0   0   0   0   0   0  0.69 0.01
   20 E   -1  0  0  2 -4  2  5 -2  0 -3 -3  1 -2 -3 -1  0 -1 -3 -2 -3    0   0   0   0   0   0 100   0   0   0   0   0   0   0   0   0   0   0   0   0  0.76 0.01
   21 C    0 -4 -3 -4  9 -3 -4 -3 -3 -1 -1 -3 -2 -3 -3 -1 -1 -2 -3 -1    0   0   0   0 100   0   0   0   0   0   0   0   0   0   0   0   0   0   0   0  1.27 0.01
   22 V    0 -3 -3 -3 -1 -2 -3 -3 -3  3  1 -2  1 -1 -2 -2  0 -3 -1  4    0   0   0   0   0   0   0   0   0   0   0   0   0   0   0   0   0   0   0 100  0.37 0.01
   23 S    1 -1  1  0 -1  0  0  0 -1 -2 -3  0 -2 -2 -1  4  1 -3 -2 -2    0   0   0   0   0   0   0   0   0   0   0   0   0   0   0 100   0   0   0   0  0.47 0.01
   24 E   -1  0  0  2 -4  2  5 -2  0 -3 -3  1 -2 -3 -1  0 -1 -3 -2 -3    0   0   0   0   0   0 100   0   0   0   0   0   0   0   0   0   0   0   0   0  0.76 0.01
   25 F   -2 -2 -3 -3 -2 -3 -3 -3  0 -1  0 -3  0  5 -3 -2 -2  1  5 -1    0   0   0   0   0   0   0   0   0   0   0   0   0  65   0   0   0   0  35   0  0.70 0.01
   26 I   -1 -3 -3 -3 -1 -3 -3 -4 -3  4  2 -3  1  0 -3 -2 -1 -3 -1  3    0   0   0   0   0   0   0   0   0 100   0   0   0   0   0   0   0   0   0   0  0.41 0.01
   27 S    1 -1  1  0 -1  0  0  0 -1 -2 -3  0 -2 -2 -1  4  1 -3 -2 -2    0   0   0   0   0   0   0   0   0   0   0   0   0   0   0 100   0   0   0   0  0.47 0.01
   28 F   -2 -3 -3 -4 -2 -3 -3 -3 -1  0  0 -3  0  6 -4 -2 -2  1  3 -1    0   0   0   0   0   0   0   0   0   0   0   0   0 100   0   0   0   0   0   0  0.77 0.01
   29 I   -1 -3 -3 -3 -1 -3 -3 -4 -3  4  2 -3  1  0 -3 -2 -1 -3 -1  3    0   0   0   0   0   0   0   0   0 100   0   0   0   0   0   0   0   0   0   0  0.41 0.01
   30 T    2 -1 -1 -1 -1 -1 -1 -1 -2 -1 -1 -1 -1 -2 -1  1  4 -3 -2  0   33   0   0   0   0   0   0   0   0   0   0   0   0   0   0   0  67   0   0   0  0.35 0.01
   31 S    1 -1  0 -1 -1 -1 -1  3 -1 -3 -3 -1 -2 -3 -1  3  1 -3 -2 -2    0   0   0   0   0   0   0  35   0   0   0   0   0   0   0  65   0   0   0   0  0.46 0.00
   32 E   -1  0  0  2 -4  2  5 -2  0 -3 -3  1 -2 -3 -1  0 -1 -3 -2 -3    0   0   0   0   0   0 100   0   0   0   0   0   0   0   0   0   0   0   0   0  0.76 0.01
   33 A    4 -1 -2 -2  0 -1 -1  0 -2 -1 -2 -1 -1 -2 -1  1  0 -3 -2  0  100   0   0   0   0   0   0   0   0   0   0   0   0   0   0   0   0   0   0   0  0.42 0.01
   34 S    2 -1  3  0 -1  0  0  0  0 -2 -2  0 -2 -3 -1  2  0 -3 -2 -1   33   0  35   0   0   0   0   0   0   0   0   0   0   0   0  31   0   0   0   0  0.33 0.00
   35 E   -1  0  0  2 -4  2  5 -2  0 -3 -3  1 -2 -3 -1  0 -1 -3 -2 -3    0   0   0   0   0   0 100   0   0   0   0   0   0   0   0   0   0   0   0   0  0.76 0.01
   36 R   -1  5 -1 -2 -3  0 -1 -3 -1  1  0  1  0 -2 -2 -1 -1 -3 -2  0    0  67   0   0   0   0   0   0   0  33   0   0   0   0   0   0   0   0   0   0  0.36 0.01
   37 C    0 -4 -3 -4  9 -3 -4 -3 -3 -1 -1 -3 -2 -3 -3 -1 -1 -2 -3 -1    0   0   0   0 100   0   0   0   0   0   0   0   0   0   0   0   0   0   0   0  1.27 0.01
   38 H   -1  0  3  0 -3  3  1 -1  5 -3 -3  0 -1 -2 -2  0 -1 -3  0 -3    0   0  33   0   0  35   0   0  31   0   0   0   0   0   0   0   0   0   0   0  0.48 0.01
   39 Q   -1  4  0 -1 -3  4  1 -2  0 -3 -2  2 -1 -3 -2  0 -1 -2 -2 -2    0  50   0   0   0  50   0   0   0   0   0   0   0   0   0   0   0   0   0   0  0.56 0.00
   40 E   -1  0  0  2 -4  2  5 -2  0 -3 -3  1 -2 -3 -1  0 -1 -3 -2 -3    0   0   0   0   0   0 100   0   0   0   0   0   0   0   0   0   0   0   0   0  0.74 0.00
   41 K   -1  2  0 -1 -3  1  1 -1 -1 -3 -2  4 -1 -3 -1  0 -1 -3 -2 -2    0   0   0   0   0   0   0   0   0   0   0   0   0   0   0   0   0   0   0   0  0.00     0.00