Last position-specific scoring matrix computed, weighted observed percentages rounded down, information per position, and relative weight of gapless real matches to pseudocounts
           A  R  N  D  C  Q  E  G  H  I  L  K  M  F  P  S  T  W  Y  V   A   R   N   D   C   Q   E   G   H   I   L   K   M   F   P   S   T   W   Y   V
    1 E   -1  0  0  1 -4  2  5 -2  0 -3 -3  1 -2 -3 -1  0 -1 -3 -2 -3    0   0   0   0   0   0 100   0   0   0   0   0   0   0   0   0   0   0   0   0  0.77 0.02
    2 D   -2 -2  1  6 -4  0  1 -1 -1 -3 -4 -1 -3 -4 -2  0 -1 -4 -3 -3    0   0   0 100   0   0   0   0   0   0   0   0   0   0   0   0   0   0   0   0  0.97 0.02
    3 L    2 -2 -3 -3 -1 -2 -2 -2 -2  1  3 -2  1  0 -2 -1 -1 -2 -1  0   36   0   0   0   0   0   0   0   0   0  64   0   0   0   0   0   0   0   0   0  0.24 0.01
    4 R   -1  3  0  0 -3  1  3  3 -1 -3 -3  1 -2 -3 -2  0 -1 -3 -2 -3    0  30   0   0   0   0  34  36   0   0   0   0   0   0   0   0   0   0   0   0  0.43 0.01
    5 S    1 -1  0 -1 -1 -1 -1 -1 -2  0 -1 -1 -1 -2 -1  3  1 -3 -2  2    0   0   0   0   0   0   0   0   0   0   0   0   0   0   0  64   0   0   0  36  0.22 0.01
    6 I   -1 -3 -3 -3 -1 -3 -3 -4 -3  4  1 -3  1  0 -3 -2 -1 -3 -1  3    0   0   0   0   0   0   0   0   0  66   0   0   0   0   0   0   0   0   0  34  0.37 0.01
    7 I    0 -2 -1 -2  6 -2 -2 -2 -2  1  0 -2  0 -2 -2  2  0 -3 -2  0    0   0   0   0  36   0   0   0   0  30   0   0   0   0   0  34   0   0   0   0  0.33 0.01
    8 A    3 -1 -1 -1 -1 -1 -1  0 -1 -2 -2 -1 -1 -2 -1  3  1 -3 -2 -1   64   0   0   0   0   0   0   0   0   0   0   0   0   0   0  36   0   0   0   0  0.36 0.01
    9 S    1 -1  0  0 -2  1  3 -1 -1 -3 -3  0 -2 -3 -1  3  1 -3 -2 -2    0   0   0   0   0   0  36   0   0   0   0   0   0   0   0  64   0   0   0   0  0.41 0.01
   10 T   -1 -2 -1 -2 -1 -1 -2 -2 -2 -1 -1 -1  0  4 -2  0  4 -1  1  0    0   0   0   0   0   0   0   0   0   0   0   0   0  36   0   0  64   0   0   0  0.32 0.01
   11 L   -1 -2 -2 -2 -1 -1 -2 -3 -2  1  2 -1  4  0 -2  0  2 -2 -1  0    0   0   0   0   0   0   0   0   0   0  30   0  36   0   0   0  34   0   0   0  0.23 0.01
   12 T    0 -1  0 -1 -1 -1 -1 -1 -2  1 -1 -1  0 -2 -1  2  3 -3 -2  2    0   0   0   0   0   0   0   0   0   0   0   0   0   0   0  36  30   0   0  34  0.22 0.01
   13 C    0 -2 -1 -2  5 -1 -2 -2 -2  0  2 -2  0 -1 -2  2  0 -2 -2  0    0   0   0   0  30   0   0   0   0   0  36   0   0   0   0  34   0   0   0   0  0.28 0.01
   14 R   -1  5 -1 -2 -3  0  0 -2 -1 -3 -2  1 -2 -3  5 -1 -1 -3 -2 -3    0  66   0   0   0   0   0   0   0   0   0   0   0   0  34   0   0   0   0   0  0.82 0.01
   15 V   -1 -2 -3 -4 -1 -2 -3 -4 -3  2  3 -2  2  0 -3 -2 -1 -2 -1  2    0   0   0   0   0   0   0   0   0   0  70   0   0   0   0   0   0   0   0  30  0.37 0.01
   16 D   -1 -2  0  3 -2 -1  0 -2 -2  2  0 -1  0 -2 -2  0  2 -3 -2  1    0   0   0  30   0   0   0   0   0  34   0   0   0   0   0   0  36   0   0   0  0.21 0.01
   17 H   -1 -1  0 -2 -2  0 -1 -2  7 -1  0 -1  3 -1 -2 -1 -1 -2  1 -1    0   0   0   0   0   0   0   0  66   0   0   0  34   0   0   0   0   0   0   0  0.50 0.02
   18 Q   -1  1 -1 -1 -3  3  1 -2 -1 -3 -3  3 -1 -3  5  0 -1 -3 -2 -2    0   0   0   0   0  30   0   0   0   0   0  36   0   0  34   0   0   0   0   0  0.68 0.01
   19 E   -1 -1  0  4 -4  1  4 -2  0 -3 -3  0 -2 -3 -1  0 -1 -3 -2 -3    0   0   0  34   0   0  66   0   0   0   0   0   0   0   0   0   0   0   0   0  0.69 0.01
   20 N   -2 -1  6  1 -3  0  0 -1  0 -3 -3  0 -2 -3 -2  1  0 -4 -2 -3    0   0 100   0   0   0   0   0   0   0   0   0   0   0   0   0   0   0   0   0  0.77 0.02
   21 C   -1 -2  3 -1  8 -2 -2 -2 -1 -2 -2 -2 -2 -3 -3  0 -1 -3 -2 -1    0   0  34   0  66   0   0   0   0   0   0   0   0   0   0   0   0   0   0   0  0.77 0.02
   22 G    0 -2  0 -1 -2 -1 -2  4 -2 -2 -3 -1 -2 -3 -2  0  2 -3 -3 -2    0   0   0   0   0   0   0  64   0   0   0   0   0   0   0   0  36   0   0   0  0.60 0.01
   23 G    0 -2  0 -1 -2 -1 -1  5 -2 -3 -3 -1 -2 -3 -2  2  0 -3 -3 -3    0   0   0   0   0   0   0  66   0   0   0   0   0   0   0  34   0   0   0   0  0.66 0.01
   24 K    0  3  0 -1 -2  1  0 -1 -1 -3 -2  3 -1 -3 -1  2  0 -3 -2 -2    0  36   0   0   0   0   0   0   0   0   0  30   0   0   0  34   0   0   0   0  0.39 0.01
   25 M   -1 -2 -3 -3 -1 -1 -2 -3 -2  1  3 -2  5  0 -3 -2 -1 -2 -1  1    0   0   0   0   0   0   0   0   0   0  36   0  64   0   0   0   0   0   0   0  0.37 0.02
   26 D   -1 -1  1  5 -4  1  3 -2 -1 -3 -3  0 -3 -3 -1  0 -1 -4 -3 -3    0   0   0  64   0   0  36   0   0   0   0   0   0   0   0   0   0   0   0   0  0.75 0.01
   27 A    2 -2 -1  3 -1 -1  0 -1 -2  0 -1 -1 -1 -2 -2  0  0 -3 -2  2   30   0   0  34   0   0   0   0   0   0   0   0   0   0   0   0   0   0   0  36  0.20 0.01
   28 F   -2 -3 -3 -4 -2 -3 -3 -3 -2 -1  0 -3  0  5 -4 -3 -2  8  3 -1    0   0   0   0   0   0   0   0   0   0   0   0   0  66   0   0   0  34   0   0  1.03 0.02
   29 Q   -1  0 -1  0 -3  3  3 -2  1 -2 -2  0 -1  1 -2 -1 -1  0  4 -2    0   0   0   0   0  30  34   0   0   0   0   0   0   0   0   0   0   0  36   0  0.42 0.01
   30 S    0  0  3  1 -2  1  3 -1  0 -3 -3  0 -2 -3 -1  2  0 -3 -2 -2    0   0  36   0   0   0  34   0   0   0   0   0   0   0   0  30   0   0   0   0  0.42 0.01
   31 R   -1  4  0 -2 -3  0 -1  3 -1 -3 -3  1 -2 -3 -2 -1 -1 -3 -2 -3    0  64   0   0   0   0   0  36   0   0   0   0   0   0   0   0   0   0   0   0  0.55 0.01
   32 T    0 -1  0 -1 -1 -1 -1 -2 -2 -1 -1 -1 -1 -2 -1  1  5 -2 -2  0    0   0   0   0   0   0   0   0   0   0   0   0   0   0   0   0 100   0   0   0  0.48 0.00
   33 Y   -2 -2 -3 -4 -2 -2 -2 -3  0 -2 -1 -2 -1  2 -3 -2 -2  9  5 -2    0   0   0   0   0   0   0   0   0   0   0   0   0   0   0   0   0  50  50   0  1.31 0.01
   34 Y   -1 -2 -1 -2 -2 -2 -2  4  0 -2 -2 -2 -2  1 -3 -1 -2  1  5 -2    0   0   0   0   0   0   0  50   0   0   0   0   0   0   0   0   0   0  50   0  0.56 0.00
   35 I    0 -2 -1 -1 -1 -1 -1 -2 -2  2  0 -1  0 -1 -2  2  1 -3 -2  1    0   0   0   0   0   0   0   0   0  50   0   0   0   0   0  50   0   0   0   0  0.16 0.00
   36 N   -1 -1  4  0 -2 -1 -1 -2 -1  2  0 -1  0 -1 -2 -1  0 -3 -2  1    0   0  50   0   0   0   0   0   0  50   0   0   0   0   0   0   0   0   0   0  0.22 0.00
   37 G    0 -2  0 -1 -3 -2 -2  6 -2 -4 -4 -2 -3 -3 -2  0 -2 -3 -3 -3    0   0   0   0   0   0   0 100   0   0   0   0   0   0   0   0   0   0   0   0  1.04 0.00
   38 G    1 -1  0 -1 -2 -1 -1  4 -1 -3 -3 -1 -2 -3 -1  3  0 -3 -2 -2    0   0   0   0   0   0   0  50   0   0   0   0   0   0   0  50   0   0   0   0  0.53 0.00
   39 Y    0 -1  0 -1 -2 -1 -1 -1  1 -2 -2 -1 -1  1 -2  2  0  1  5 -1    0   0   0   0   0   0   0   0   0   0   0   0   0   0   0  50   0   0  50   0  0.38 0.00
   40 N   -2  0  6  1 -3  0  0  0  1 -3 -3  0 -2 -3 -2  1  0 -4 -2 -3    0   0 100   0   0   0   0   0   0   0   0   0   0   0   0   0   0   0   0   0  0.73 0.00
   41 N   -1  0  5  1 -2  0  0  0  1 -3 -3  0 -2 -3 -2  1  0 -3 -2 -3    0   0   0   0   0   0   0   0   0   0   0   0   0   0   0   0   0   0   0   0  0.00     0.00