Last position-specific scoring matrix computed, weighted observed percentages rounded down, information per position, and relative weight of gapless real matches to pseudocounts
            A   R   N   D   C   Q   E   G   H   I   L   K   M   F   P   S   T   W   Y   V   A   R   N   D   C   Q   E   G   H   I   L   K   M   F   P   S   T   W   Y   V
    1 G     0  -2   0  -1  -2  -2  -2   6  -2  -4  -4  -2  -3  -3  -2   0  -2  -2  -3  -3    0   0   0   0   0   0   0   0   0   0   0   0   0   0   0   0   0   0   0   0  0.00     0.00
    2 K    -1   2   0  -1  -3   1   1  -2  -1  -3  -2   4  -1  -3  -1   0  -1  -3  -2  -2    0   0   0   0   0   0   0   0   0   0   0   0   0   0   0   0   0   0   0   0  0.00     0.00
    3 K    -1   2   0  -1  -3   1   1  -2  -1  -3  -2   4  -1  -3  -1   0  -1  -3  -2  -2    0   0   0   0   0   0   0   0   0   0   0   0   0   0   0   0   0   0   0   0  0.00     0.00
    4 E    -1   0   0   1  -4   2   5  -2   0  -3  -3   1  -2  -3  -1   0  -1  -3  -2  -2    0   0   0   0   0   0   0   0   0   0   0   0   0   0   0   0   0   0   0   0  0.00     0.00
    5 A     4  -1  -2  -2   0  -1  -1   0  -2  -1  -1  -1  -1  -2  -1   1   0  -3  -2   0    0   0   0   0   0   0   0   0   0   0   0   0   0   0   0   0   0   0   0   0  0.00     0.00
    6 A     4  -1  -2  -2   0  -1  -1   0  -2  -1  -1  -1  -1  -2  -1   1   0  -3  -2   0    0   0   0   0   0   0   0   0   0   0   0   0   0   0   0   0   0   0   0   0  0.00     0.00
    7 A     4  -2  -2  -2   0  -1  -1   0  -2  -1  -2  -1  -1  -2  -1   1   0  -3  -2   0  100   0   0   0   0   0   0   0   0   0   0   0   0   0   0   0   0   0   0   0  0.41 0.00
    8 S     3  -1   0  -1  -1   0  -1   0  -1  -2  -2  -1  -1  -2  -1   3   1  -3  -2  -1   50   0   0   0   0   0   0   0   0   0   0   0   0   0   0  50   0   0   0   0  0.35 0.00
    9 G     0  -3   0  -1  -3  -2  -2   6  -2  -4  -4  -2  -3  -3  -2   0  -2  -3  -3  -3    0   0   0   0   0   0   0 100   0   0   0   0   0   0   0   0   0   0   0   0  1.04 0.00
   10 L    -2  -2  -1   3  -2  -1  -1  -3  -2   1   3  -2   1  -1  -2  -2  -1  -3  -2   0    0   0   0  36   0   0   0   0   0   0  64   0   0   0   0   0   0   0   0   0  0.27 0.01
   11 P    -1  -1  -2  -1  -3  -1  -1  -2  -2  -3  -3   2  -2  -4   7  -1  -1  -4  -3  -3    0   0   0   0   0   0   0   0   0   0   0  25   0   0  75   0   0   0   0   0  1.44 0.03
   12 L    -1  -2  -3  -2  -2  -1   1  -4  -2   2   3  -2   1  -1  -3  -2  -1  -2  -2   2    0   0   0   0   0   0  19   0   0  11  50   0   0   0   0   0   0   0   0  21  0.25 0.03
   13 M    -1  -3  -3  -4  -2  -2  -3  -4  -3   3   3  -3   4   0  -3  -2  -1  -2  -1   2    0   0   0   0   0   0   0   0   0  18  37   0  23   0   0   0   0   0   0  21  0.38 0.05
   14 V    -1  -3  -4  -4  -1  -3  -3  -4  -4   4   1  -3   1  -1  -3  -2  -1  -3  -2   4    0   0   0   0   0   0   0   0   0  36   7   0   0   0   0   0   0   0   0  56  0.46 0.06
   15 I    -1  -1  -1   3  -3   1   4  -3  -1   0  -1   0   1  -3  -2  -1  -1  -3  -2   0    0   0   0  20   0   0  53   0   0   8   0   0  10   0   0   0   0   0   0   9  0.40 0.06
   16 I    -2  -3  -4  -4  -2  -4  -4  -4  -2   2   0  -3   0   6  -4  -3  -2   0   2   1    0   0   0   0   0   0   0   0   0  22   0   0   0  66   0   0   0   0   0  12  0.63 0.07
   17 H    -2  -2  -2  -3  -3  -1  -2  -3   5  -2  -2  -2  -2   2  -3   0  -2   1   7  -2    0   0   0   0   0   0   0   0  22   0   0   0   0   0   0   9   0   0  69   0  0.88 0.10
   18 K     3  -1   2  -1  -2   1   0   1  -1  -2  -2   1  -2  -3  -1   0  -1  -3  -2  -1   55   0  14   0   0  12   0  11   0   0   0   8   0   0   0   0   0   0   0   0  0.30 0.05
   19 S     1  -2  -1  -1  -2  -1  -1  -2  -2  -2  -3  -1  -2  -3   5   2   3  -3  -3  -2   12   0   0   0   0   0   0   0   0   0   0   0   0   0  39  22  27   0   0   0  0.73 0.06
   20 W    -4  -4  -5  -5  -3  -3  -4  -3  -3  -4  -3  -4  -2   0  -5  -4  -3  12   2  -4    0   0   0   0   0   0   0   0   0   0   0   0   0   0   0   0   0 100   0   0  2.99 0.17
   21 C    -1  -5  -4  -5  10  -4  -5  -4  -4  -2  -2  -4  -3  -4  -4  -2  -2  -3  -4  -2    0   0   0   0 100   0   0   0   0   0   0   0   0   0   0   0   0   0   0   0  2.14 0.20
   22 G     1  -2  -1  -1  -3  -1   1   5  -2  -4  -4  -1  -3  -4  -2   1  -1  -3  -3  -3   12   0   0   0   0   0  15  62   0   0   0   0   0   0   0  12   0   0   0   0  0.68 0.08
   23 A     2  -2  -1  -2  -2  -1  -1   0   5  -2  -2  -1   2  -2   4   1  -1  -3  -1  -2   24   0   0   0   0   0   0   7  24   0   0   0  12   0  21  12   0   0   0   0  0.42 0.07
   24 C    -1  -4  -4  -5  10  -3  -4  -4  -4  -2  -1  -4   3  -3  -4  -2  -2  -3  -3  -1    0   0   0   0  85   0   0   0   0   0   0   0  15   0   0   0   0   0   0   0  1.68 0.18
   25 K    -1   3  -1  -1  -4   2   0  -2  -1  -4  -3   6  -2  -4  -2  -1  -1  -4  -3  -3    0  12   0   0   0  10   0   0   0   0   0  79   0   0   0   0   0   0   0   0  0.76 0.12
   26 A     3   2   0  -1  -2   1   0  -1  -1  -2  -2   2   1  -3  -2   0  -1  -3  -2  -1   46  12   6   0   0   6   4   0   0   0   0  19   7   0   0   0   0   0   0   0  0.26 0.06
   27 L    -2  -3  -4  -4  -2  -3  -3  -4  -3   2   4  -3   3   0  -3  -3  -1  -2  -2   2    0   0   0   0   0   0   0   0   0  12  67   0  12   0   0   0   0   0   0  10  0.51 0.08
   28 K     1   2  -1  -2  -2   1   1  -2   2  -2  -1   1   2   1  -2   0   0  -2  -1  -1   23  15   0   0   0  10   6   0   7   0   0  11  12  12   0   0   5   0   0   0  0.14 0.04
   29 P    -1  -2  -2  -1  -4  -1   1  -3  -2  -4  -4  -1  -3  -4   7   0  -1  -4  -4  -3    0   0   0   0   0   0  15   0   0   0   0   0   0   0  75  10   0   0   0   0  1.61 0.13
   30 K    -2   0  -1   0  -3   1   3  -3   3  -1   0   2  -1   0  -2  -1  -1  -3  -1  -2    0   0   0   0   0   0  39   0  12   6  14  22   0   7   0   0   0   0   0   0  0.28 0.07
   31 F    -2  -3  -3  -4  -3  -3  -3   1  -1   0   1  -3  -1   5  -4  -2  -2   4   5  -1    0   0   0   0   0   0   0  15   0   7  12   0   0  33   0   0   0   6  28   0  0.51 0.07
   32 A     1   1  -1   0   5   1   0  -2  -2  -3  -3   1  -2  -3   3   1  -1  -3  -3  -2   19  10   0   7  18  12   0   0   0   0   0   7   0   0  16  10   0   0   0   0  0.34 0.05
   33 E     1   1  -1  -1  -3   2   2  -2  -1   1  -2   4  -1  -3  -2  -1  -1  -3  -2  -1   13   0   0   0   0  15  13   0   0  16   0  43   0   0   0   0   0   0   0   0  0.30 0.07
   34 S     2  -1  -2  -2  -1  -1  -1  -1  -2   1   0   1   0   1  -2   1   1  -2  -1   0   36   0   0   0   0   0   0   0   0  16   8  13   0   8   0   7  11   0   0   0  0.13 0.05
   35 T     2   0   2  -1  -2   0  -1  -1  -1  -2  -2   2  -1  -3  -1   1   2  -3  -2  -1   37   0  16   0   0   0   0   0   0   0   0  19   0   0   0  10  18   0   0   0  0.27 0.04
   36 E     1  -1  -1   1  -3   1   6  -2  -1  -3  -3   0  -2  -4  -2   0  -1  -3  -3  -3   17   0   0   0   0   0  83   0   0   0   0   0   0   0   0   0   0   0   0   0  0.75 0.08
   37 I    -1  -3  -3  -4  -1  -2  -3  -4  -3   3   3  -3   3   0  -3  -2  -1  -2  -1   2    0   0   0   0   0   0   0   0   0  30  36   0  13   0   0   0   0   0   0  21  0.37 0.03
   38 S     0   0   4   0  -2   0   0  -1   0  -3  -3   3  -2  -3  -2   2   0  -4  -2  -3    0   0  36   0   0   0   0   0   0   0   0  30   0   0   0  34   0   0   0   0  0.42 0.04
   39 E    -1  -1   0   3  -4   1   4   1  -1  -4  -4   0  -3  -4  -2   0  -1  -3  -3  -3    0   0   0  24   0   0  59  17   0   0   0   0   0   0   0   0   0   0   0   0  0.57 0.02
   40 L    -2  -2  -4  -4  -1  -2  -3  -4  -3   2   4  -3   2   0  -3  -3  -1  -2  -1   1    0   0   0   0   0   0   0   0   0   0 100   0   0   0   0   0   0   0   0   0  0.47 0.01
   41 S     3  -1   0  -1  -1   0  -1   0  -1  -2  -2  -1  -1  -2  -1   3   1  -3  -2  -1   50   0   0   0   0   0   0   0   0   0   0   0   0   0   0  50   0   0   0   0  0.35 0.00