
Last position-specific scoring matrix computed, weighted observed percentages rounded down, information per position, and relative weight of gapless real matches to pseudocounts
            A   R   N   D   C   Q   E   G   H   I   L   K   M   F   P   S   T   W   Y   V   A   R   N   D   C   Q   E   G   H   I   L   K   M   F   P   S   T   W   Y   V
    1 E    -1   0   0   2  -4   2   5  -2   0  -3  -3   1  -2  -3  -1   0  -1  -3  -2  -2    0   0   0   0   0   0   0   0   0   0   0   0   0   0   0   0   0   0   0   0  0.00     0.00
    2 A     4  -1  -2  -2   0  -1  -1   0  -2  -1  -1  -1  -1  -2  -1   1   0  -3  -2   0    0   0   0   0   0   0   0   0   0   0   0   0   0   0   0   0   0   0   0   0  0.00     0.00
    3 A     4  -1  -2  -2   0  -1  -1   0  -2  -1  -1  -1  -1  -2  -1   1   0  -3  -2   0    0   0   0   0   0   0   0   0   0   0   0   0   0   0   0   0   0   0   0   0  0.00     0.00
    4 A     4  -2  -2  -2   0  -1  -1   0  -2  -1  -2  -1  -1  -2  -1   1   0  -3  -2   0  100   0   0   0   0   0   0   0   0   0   0   0   0   0   0   0   0   0   0   0  0.41 0.00
    5 S     3  -1   0  -1  -1   0  -1   0  -1  -2  -2  -1  -1  -2  -1   3   1  -3  -2  -1   50   0   0   0   0   0   0   0   0   0   0   0   0   0   0  50   0   0   0   0  0.35 0.00
    6 G     0  -3   0  -1  -3  -2  -2   6  -2  -4  -4  -2  -3  -3  -2   0  -2  -3  -3  -3    0   0   0   0   0   0   0 100   0   0   0   0   0   0   0   0   0   0   0   0  1.04 0.00
    7 L    -2  -2  -1   3  -2  -1  -1  -3  -2   1   3  -2   1  -1  -3  -2  -1  -3  -2   0    0   0   0  36   0   0   0   0   0   0  64   0   0   0   0   0   0   0   0   0  0.27 0.01
    8 P    -1  -1  -2  -2  -3  -1  -1  -2  -2  -3  -3   2  -2  -4   7  -1  -1  -4  -3  -3    0   0   0   0   0   0   0   0   0   0   0  25   0   0  75   0   0   0   0   0  1.44 0.03
    9 L    -1  -2  -3  -2  -2  -1   1  -4  -2   2   3  -2   1  -1  -3  -2  -1  -2  -2   2    0   0   0   0   0   0  19   0   0  11  50   0   0   0   0   0   0   0   0  21  0.25 0.03
   10 M    -1  -3  -3  -4  -2  -2  -3  -4  -3   3   3  -3   4   0  -3  -2  -1  -2  -1   2    0   0   0   0   0   0   0   0   0  17  40   0  22   0   0   0   0   0   0  21  0.38 0.05
   11 V    -1  -3  -4  -4  -1  -3  -3  -4  -4   4   1  -3   1  -1  -3  -2  -1  -3  -2   4    0   0   0   0   0   0   0   0   0  36   7   0   0   0   0   0   0   0   0  58  0.46 0.06
   12 I    -1  -1  -1   3  -3   1   4  -3  -1   0  -1   0   1  -3  -2  -1  -1  -3  -2   0    0   0   0  23   0   0  50   0   0   8   0   0  10   0   0   0   0   0   0   9  0.40 0.06
   13 I    -2  -3  -4  -4  -2  -4  -4  -4  -2   2   0  -3   0   6  -4  -3  -2   0   2   1    0   0   0   0   0   0   0   0   0  22   0   0   0  66   0   0   0   0   0  12  0.64 0.07
   14 H    -2  -2  -2  -3  -3  -1  -2  -3   5  -2  -2  -2  -2   2  -3   0  -2   1   7  -2    0   0   0   0   0   0   0   0  22   0   0   0   0   0   0   9   0   0  69   0  0.88 0.10
   15 K     3  -1   2  -1  -2   1  -1   1  -1  -2  -2   1  -2  -3  -1   1  -1  -3  -2  -1   56   0  14   0   0  12   0  10   0   0   0   8   0   0   0   0   0   0   0   0  0.31 0.05
   16 S     1  -2  -1  -1  -2  -1  -1  -2  -2  -2  -3  -1  -2  -3   5   2   3  -4  -3  -2   12   0   0   0   0   0   0   0   0   0   0   0   0   0  40  22  26   0   0   0  0.75 0.06
   17 W    -4  -4  -5  -6  -4  -3  -4  -4  -4  -4  -3  -4  -3   0  -5  -4  -4  12   1  -4    0   0   0   0   0   0   0   0   0   0   0   0   0   0   0   0   0 100   0   0  3.17 0.20
   18 C    -1  -5  -4  -5  11  -4  -5  -4  -4  -2  -2  -4  -3  -4  -4  -2  -2  -4  -4  -2    0   0   0   0 100   0   0   0   0   0   0   0   0   0   0   0   0   0   0   0  2.18 0.21
   19 G     1  -2  -1  -1  -3  -1   1   5  -2  -4  -4  -1  -3  -4  -2   1  -1  -3  -3  -3   11   0   0   0   0   0  15  63   0   0   0   0   0   0   0  11   0   0   0   0  0.71 0.09
   20 A     2  -2  -1  -2  -2  -1  -1   0   5  -2  -2  -1   2  -2   4   1  -1  -3  -1  -2   23   0   0   0   0   0   0   6  28   0   0   0  11   0  20  11   0   0   0   0  0.43 0.08
   21 C    -1  -4  -4  -5  10  -4  -5  -4  -4  -2  -1  -4   3  -3  -4  -2  -2  -3  -3  -2    0   0   0   0  85   0   0   0   0   0   0   0  15   0   0   0   0   0   0   0  1.73 0.18
   22 K    -2   3  -1  -1  -4   2   0  -2  -1  -4  -3   6  -2  -4  -2  -1  -1  -4  -3  -3    0  11   0   0   0   9   0   0   0   0   0  80   0   0   0   0   0   0   0   0  0.78 0.12
   23 A     3   2   0  -2  -2   1   0  -1  -1  -2  -2   2   1  -3  -2   0  -1  -3  -2  -1   48  11   4   0   0   4   4   0   0   0   0  21   7   0   0   0   0   0   0   0  0.28 0.07
   24 L    -2  -3  -4  -4  -2  -3  -3  -4  -3   2   4  -3   3   0  -3  -3  -1  -2  -2   2    0   0   0   0   0   0   0   0   0  11  68   0  11   0   0   0   0   0   0   9  0.53 0.08
   25 K     1   2  -1  -2  -2   1   1  -2   2  -2  -1   1   2   1  -2   0   0  -2  -1  -1   23  15   0   0   0   9   8   0   6   0   0  10  11  11   0   0   5   0   0   0  0.15 0.05
   26 P    -1  -2  -2  -1  -4  -1   1  -3  -2  -4  -4  -1  -3  -4   7   0  -1  -4  -4  -3    0   0   0   0   0   0  15   0   0   0   0   0   0   0  76   9   0   0   0   0  1.64 0.14
   27 K    -1   0  -1  -1  -3   0   3  -3   3   0   0   2  -1   0  -2  -1   0  -3  -1  -1    0   0   0   0   0   0  35   0  11   8  14  21   0   7   0   0   4   0   0   0  0.22 0.06
   28 F    -2  -3  -3  -4  -3  -3  -3   1  -1   0   1  -3  -1   4  -4  -2  -2   6   4  -1    0   0   0   0   0   0   0  15   0   6  11   0   0  31   0   0   0  12  25   0  0.56 0.08
   29 A     1   1   0   0   4   1   0  -2  -1  -3  -3   1  -2  -3   3   1  -1  -3  -3  -2   16  10   5   5  17  11   5   0   0   0   0   7   0   0  15   9   0   0   0   0  0.32 0.05
   30 E     0   1  -1  -1  -3   3   2  -2  -1   1  -2   4  -1  -3  -2  -1  -1  -3  -2  -1   11   0   0   0   0  17  17   0   0  15   0  40   0   0   0   0   0   0   0   0  0.33 0.08
   31 S     2  -1  -2  -2  -1  -1  -1  -1  -2   1   0   1   0   1  -2   1   1  -2  -1   0   36   0   0   0   0   0   0   0   0  16   8  13   0   8   0   7  11   0   0   0  0.13 0.05
   32 T     2   0   2  -1  -2   0  -1  -1  -1  -2  -2   2  -2  -3  -1   1   2  -3  -2  -1   37   0  16   0   0   0   0   0   0   0   0  19   0   0   0  10  18   0   0   0  0.27 0.04
   33 E     1  -1  -1   1  -3   1   6  -2  -1  -3  -3   0  -2  -4  -2   0  -1  -3  -3  -3   17   0   0   0   0   0  83   0   0   0   0   0   0   0   0   0   0   0   0   0  0.75 0.08
   34 I    -1  -3  -3  -4  -1  -2  -3  -4  -3   3   3  -3   3   0  -3  -2  -1  -2  -1   2    0   0   0   0   0   0   0   0   0  30  36   0  13   0   0   0   0   0   0  21  0.37 0.03
   35 S     0   0   4   0  -2   0   0  -1   0  -3  -3   3  -2  -3  -2   3   0  -4  -2  -3    0   0  36   0   0   0   0   0   0   0   0  30   0   0   0  34   0   0   0   0  0.42 0.04
   36 E    -1  -1   0   3  -4   1   4   2  -1  -4  -4   0  -3  -4  -2   0  -1  -3  -3  -3    0   0   0  24   0   0  59  17   0   0   0   0   0   0   0   0   0   0   0   0  0.57 0.02
   37 L    -2  -2  -4  -4  -1  -2  -3  -4  -3   2   4  -3   2   0  -3  -3  -1  -2  -1   1    0   0   0   0   0   0   0   0   0   0 100   0   0   0   0   0   0   0   0   0  0.47 0.01
   38 S     3  -1   0  -1  -1   0  -1   0  -1  -2  -2  -1  -1  -2  -1   3   1  -3  -2  -1   50   0   0   0   0   0   0   0   0   0   0   0   0   0   0  50   0   0   0   0  0.35 0.00
   39 H    -2   0   1  -1  -3   0   0  -2   7  -3  -3  -1  -2  -1  -2  -1  -2  -2   2  -3    0   0   0   0   0   0   0   0   0   0   0   0   0   0   0   0   0   0   0   0  0.00     0.00
   40 N    -2   0   6   1  -3   0   0   0   1  -3  -3   0  -2  -3  -2   1   0  -4  -2  -3    0   0   0   0   0   0   0   0   0   0   0   0   0   0   0   0   0   0   0   0  0.00     0.00
   41 F    -2  -3  -3  -3  -2  -3  -3  -3  -1   0   0  -3   0   6  -4  -2  -2   1   3  -1    0   0   0   0   0   0   0   0   0   0   0   0   0   0   0   0   0   0   0   0  0.00     0.00