
Last position-specific scoring matrix computed, weighted observed percentages rounded down, information per position, and relative weight of gapless real matches to pseudocounts
           A  R  N  D  C  Q  E  G  H  I  L  K  M  F  P  S  T  W  Y  V   A   R   N   D   C   Q   E   G   H   I   L   K   M   F   P   S   T   W   Y   V
    1 F   -2 -3 -3 -4 -3 -3 -3 -3 -1  0  0 -3  0  6 -4 -3 -2  1  3 -1    0   0   0   0   0   0   0   0   0   0   0   0   0 100   0   0   0   0   0   0  0.80 0.01
    2 E   -1  0  0  1 -4  2  5 -2  0 -3 -3  1 -2 -3 -1  0 -1 -3 -2 -3    0   0   0   0   0   0 100   0   0   0   0   0   0   0   0   0   0   0   0   0  0.77 0.01
    3 Q    0  0  0 -1 -2  2  0 -2 -1  0 -1  1  0 -2 -1  1  3 -3 -2  1    0   0   0   0   0  19   0   0   0   0   0  16   0   0   0   0  48   0   0  18  0.22 0.01
    4 P   -1 -2 -2 -2 -3 -1 -1 -2 -2 -3 -3 -1 -3 -4  8 -1 -1 -4 -3 -3    0   0   0   0   0   0   0   0   0   0   0   0   0   0 100   0   0   0   0   0  2.08 0.02
    5 D   -2  2  4  3 -3  2  1 -1  0 -3 -3  0 -2 -3 -2  0 -1 -3 -2 -3    0  14  49  19   0  18   0   0   0   0   0   0   0   0   0   0   0   0   0   0  0.48 0.01
    6 G    2 -2 -1 -2 -1 -2 -2  2 -2  1 -1 -1  0 -2 -2  0  1 -3 -2  1   32   0   0   0   0   0   0  19   0  17   0   0   0   0   0   0  16   0   0  16  0.16 0.00
    7 R   -1  3 -1 -2 -3  1  0 -2 -1 -1  1  3  2 -2 -2 -1 -1 -2 -2 -1    0  19   0   0   0   0   0   0   0   0  17  48  16   0   0   0   0   0   0   0  0.24 0.01
    8 A    3 -2 -2 -2 -1 -1 -1 -1 -2  1 -1 -1 -1 -2 -1  1  1 -3 -2  0   67   0   0   0   0   0   0   0   0  16   0   0   0   0   0   0  17   0   0   0  0.25 0.01
    9 Q   -1  1  0  0 -3  6  2 -2  0 -3 -2  1 -1 -3 -1  0 -1 -2 -2 -2    0   0   0   0   0 100   0   0   0   0   0   0   0   0   0   0   0   0   0   0  0.71 0.02
   10 M   -1 -2 -3 -3 -2 -1 -2 -3 -2  1  3 -2  6  0 -3 -2 -1 -2 -1  1    0   0   0   0   0   0   0   0   0   0  17   0  83   0   0   0   0   0   0   0  0.39 0.01
   11 P   -1 -2 -2 -2 -3 -1 -1 -2 -2 -3 -3 -1 -3 -4  8 -1 -1 -4 -3 -3    0   0   0   0   0   0   0   0   0   0   0   0   0   0 100   0   0   0   0   0  2.08 0.02
   12 T    0 -1  0 -1 -1 -1 -1 -2 -2 -1 -1 -1 -1 -2 -1  1  5 -3 -2  0    0   0   0   0   0   0   0   0   0   0   0   0   0   0   0   0 100   0   0   0  0.51 0.01
   13 T   -1 -3 -2 -3 -1 -2 -3 -3 -3  4  1 -2  1 -1 -2 -1  1 -3 -1  3    0   0   0   0   0   0   0   0   0  65   0   0   0   0   0   0  19   0   0  16  0.28 0.01
   14 E   -1  0  0  1 -4  2  5 -2  0 -3 -3  1 -2 -3 -1  0 -1 -3 -2 -3    0   0   0   0   0   0 100   0   0   0   0   0   0   0   0   0   0   0   0   0  0.77 0.01
   15 R   -2  6 -1 -2 -4  1  0 -2  0 -3 -2  2 -2 -3 -2 -1 -1 -3 -2 -3    0 100   0   0   0   0   0   0   0   0   0   0   0   0   0   0   0   0   0   0  0.79 0.01
   16 V    1 -2 -3 -3 -1 -2 -2 -3 -3  2  3 -2  1  0 -2 -1 -1 -2 -1  2   18   0   0   0   0   0   0   0   0   0  47   0   0   0   0   0   0   0   0  35  0.24 0.00
   17 T    1 -1  0 -1 -1  0  0 -1 -1 -2 -2  0 -1 -2 -1  3  3 -3 -2 -1    0   0   0   0   0   0   0   0   0   0   0   0   0   0   0  63  37   0   0   0  0.40 0.01
   18 L   -1 -2 -3 -3 -1 -1 -2 -3 -2  1  3 -2  5  0 -3 -2 -1 -2 -1  1    0   0   0   0   0   0   0   0   0   0  37   0  63   0   0   0   0   0   0   0  0.37 0.01
   19 T    0 -1  0 -1 -1 -1 -1 -2 -2 -1 -1 -1 -1 -2 -1  1  5 -3 -2  0    0   0   0   0   0   0   0   0   0   0   0   0   0   0   0   0 100   0   0   0  0.51 0.01
   20 R   -2  6 -1 -2 -4  1  0 -2  0 -3 -2  2 -2 -3 -2 -1 -1 -3 -2 -3    0 100   0   0   0   0   0   0   0   0   0   0   0   0   0   0   0   0   0   0  0.79 0.01
   21 C   -2 -2 -1  1  4 -2 -1 -3  1 -2 -2 -2 -1  2 -3 -1 -1  1  6 -2    0   0   0  18  19   0   0   0   0   0   0   0   0   0   0   0   0   0  63   0  0.52 0.01
   22 F   -2 -3 -3 -4 -3 -3 -3 -3 -1  0  0 -3  0  6 -4 -3 -2  1  3 -1    0   0   0   0   0   0   0   0   0   0   0   0   0 100   0   0   0   0   0   0  0.80 0.01
   23 Y   -2 -2 -2 -3 -3 -2 -2 -3  2 -1 -1 -2 -1  3 -3 -2 -2  2  7 -1    0   0   0   0   0   0   0   0   0   0   0   0   0   0   0   0   0   0 100   0  0.93 0.02
   24 L   -2 -2 -4 -4 -1 -2 -3 -4 -3  2  4 -3  2  0 -3 -3 -1 -2 -1  1    0   0   0   0   0   0   0   0   0   0 100   0   0   0   0   0   0   0   0   0  0.48 0.01
   25 F   -2 -3 -3 -4 -3 -3 -3 -3 -1  0  0 -3  0  6 -4 -3 -2  1  3 -1    0   0   0   0   0   0   0   0   0   0   0   0   0 100   0   0   0   0   0   0  0.80 0.01
   26 P   -1 -2 -2 -2 -3 -1 -1 -2 -2 -3 -3 -1 -3 -4  8 -1 -1 -4 -3 -3    0   0   0   0   0   0   0   0   0   0   0   0   0   0 100   0   0   0   0   0  2.08 0.02
   27 G    0 -2 -1 -1 -3 -2 -2  6 -2 -4 -4 -2 -3 -3 -2  0 -2 -3 -3 -3    0   0   0   0   0   0   0 100   0   0   0   0   0   0   0   0   0   0   0   0  1.07 0.01
   28 H   -2  0  1 -1 -3  0  0 -2  7 -3 -3 -1 -1 -1 -2 -1 -2 -2  2 -3    0   0   0   0   0   0   0   0   0   0   0   0   0   0   0   0   0   0   0   0  0.00     0.00