Last position-specific scoring matrix computed, weighted observed percentages rounded down, information per position, and relative weight of gapless real matches to pseudocounts
            A   R   N   D   C   Q   E   G   H   I   L   K   M   F   P   S   T   W   Y   V   A   R   N   D   C   Q   E   G   H   I   L   K   M   F   P   S   T   W   Y   V
    1 G     0  -2   0  -1  -3  -2  -2   6  -2  -4  -4  -2  -3  -3  -2   0  -2  -3  -3  -3    0   0   0   0   0   0   0 100   0   0   0   0   0   0   0   0   0   0   0   0  1.05 0.00
    2 W    -3  -3  -4  -5  -3  -2  -3  -3  -3  -3  -2  -3  -2   1  -4  -3  -3  11   2  -3    0   0   0   0   0   0   0   0   0   0   0   0   0   0   0   0   0 100   0   0  2.40 0.02
    3 Q    -1   1   0  -1  -2   5   1  -2   0  -2  -2   1  -1  -3  -1   0   2  -2  -2  -2    0   0   0   0   0  74   0   0   0   0   0   0   0   0   0   0  26   0   0   0  0.48 0.01
    4 L    -1  -1  -1  -2  -2  -1  -1  -3   4   0   2  -1   1  -1  -2   0   2  -2   0   0    0   0   0   0   0   0   0   0  26   0  40   0   0   0   0   0  33   0   0   0  0.20 0.00
    5 F     2  -2  -2  -3  -2  -2  -2  -2   0  -1  -1  -2  -1   4  -2  -1  -1   1   4  -1   33   0   0   0   0   0   0   0   0   0   0   0   0  40   0   0   0   0  26   0  0.36 0.01
    6 S     1  -1   0  -1  -1  -1  -1  -1  -2   0  -1  -1  -1  -2  -1   3   1  -3  -2   2    0   0   0   0   0   0   0   0   0   0   0   0   0   0   0  67   0   0   0  33  0.23 0.01
    7 K    -1   1  -1  -1  -2   0   0  -2  -1  -1   0   3   3  -2  -1   0   2  -3  -2  -1    0   0   0   0   0   0   0   0   0   0   0  40  26   0   0   0  33   0   0   0  0.20 0.01
    8 K    -1   2   0  -1  -3   1   1  -2  -1  -3  -3   5  -2  -3  -1   0  -1  -3  -2  -2    0   0   0   0   0   0   0   0   0   0   0 100   0   0   0   0   0   0   0   0  0.54 0.01
    9 S     0  -2  -1  -1   6  -1  -1  -1  -2  -2  -2  -1  -2  -3   4   2   0  -3  -2  -2    0   0   0   0  33   0   0   0   0   0   0   0   0   0  26  40   0   0   0   0  0.61 0.01
   10 Q    -1   0   0   0  -2   4   1  -1   5  -2  -2   0  -1  -2  -1   0  -1  -1   0  -2    3   2   1   2   1  42   2   2  27   2   3   2   1   1   2   2   2   0   1   2  0.29 0.00
   11 E     0   1   0   0  -2   1   3  -1   0  -2  -2   2  -1  -2   0   0   0  -2  -1  -1    3   2   2   2   1   2  36   3   1   2   3  30   1   1   2   3   2   1   1   2  0.24 0.00
   12 I    -1  -3  -3  -3  -1  -3  -3  -4  -4   4   1  -3   1   0  -3  -2  -1  -3  -1   3    0   0   0   0   0   0   0   0   0  72   0   0   0   0   0   0   0   0   0  28  0.40 0.01
   13 P    -1  -2  -2  -2  -3  -2  -1  -2  -2  -3  -3  -1  -3  -4   8  -1  -1  -4  -3  -3    0   0   0   0   0   0   0   0   0   0   0   0   0   0 100   0   0   0   0   0  2.10 0.03
   14 Q    -1   1   0  -1  -3   5   2  -2   0  -3  -2   3  -1  -3  -1   0  -1  -2  -2  -2    0   0   0   0   0  72   0   0   0   0   0  28   0   0   0   0   0   0   0   0  0.59 0.02
   15 Q    -1   1   0   0  -3   6   2  -2   0  -3  -2   1  -1  -4  -2   0  -1  -2  -2  -3    0   0   0   0   0 100   0   0   0   0   0   0   0   0   0   0   0   0   0   0  0.74 0.03
   16 M    -1   0  -1   3  -2   0   0  -2  -2   0   1   2   3  -1  -2  -1  -1  -3  -2  -1    0   0   0  28   0   0   0   0   0   0  19  24  30   0   0   0   0   0   0   0  0.17 0.01
   17 N    -2  -1   6   1  -3   0   0  -1   0  -4  -4   0  -2  -3  -2   1   0  -4  -2  -3    0   0 100   0   0   0   0   0   0   0   0   0   0   0   0   0   0   0   0   0  0.81 0.03
   18 G     0  -2   0   3  -2  -1   0   4  -2  -3  -4  -1  -3  -3  -2   2   0  -3  -3  -3    0   0   0  24   0   0   0  48   0   0   0   0   0   0   0  28   0   0   0   0  0.52 0.01
   19 S     1  -1   1   0  -1   0   0   0  -1  -3  -3   0  -2  -3  -1   4   1  -3  -2  -2    0   0   0   0   0   0   0   0   0   0   0   0   0   0   0 100   0   0   0   0  0.50 0.02
   20 D    -2  -2   1   6  -4   0   1  -2  -1  -3  -4  -1  -3  -4  -2   0  -1  -5  -3  -4    0   0   0 100   0   0   0   0   0   0   0   0   0   0   0   0   0   0   0   0  1.00 0.02
   21 C    -1  -4  -3  -4   9  -3  -4  -3  -3  -1  -2  -3  -2  -3  -3  -1  -1  -3  -3  -1    0   0   0   0 100   0   0   0   0   0   0   0   0   0   0   0   0   0   0   0  1.37 0.03
   22 G     0  -3  -1  -2  -3  -2  -2   6  -2  -4  -4  -2  -3  -3  -2   0  -2  -3  -3  -3    0   0   0   0   0   0   0 100   0   0   0   0   0   0   0   0   0   0   0   0  1.09 0.02
   23 M    -1  -2  -3  -3  -1  -1  -2  -3  -3   2   1  -2   5  -1  -3  -2   0  -2  -1   3    0   0   0   0   0   0   0   0   0   0   0   0  48   0   0   0   0   0   0  52  0.31 0.02
   24 F    -2  -3  -3  -4  -3  -3  -3  -3   0  -1   0  -3   0   6  -4  -2  -2   1   5  -1    0   0   0   0   0   0   0   0   0   0   0   0   0  72   0   0   0   0  28   0  0.74 0.02
   25 A     2  -2  -2  -2  -1  -2  -2  -2  -2   1   2  -2   1  -1  -2   0   2  -3  -2   2   30   0   0   0   0   0   0   0   0   0  28   0   0   0   0   0  19   0   0  24  0.16 0.01
   26 C    -1  -3  -3  -4   7  -3  -4  -3  -3   0   3  -3   1  -1  -3  -2  -1  -2  -2   0    0   0   0   0  48   0   0   0   0   0  52   0   0   0   0   0   0   0   0   0  0.59 0.02
   27 K    -1   2   0  -1  -3   4   1  -2   0  -3  -3   4  -1  -3  -1   0  -1  -3  -2  -2    0   0   0   0   0  52   0   0   0   0   0  48   0   0   0   0   0   0   0   0  0.53 0.02
   28 Y    -2  -2  -2  -3  -3  -2  -2  -3   2  -2  -1  -2  -1   3  -3  -2  -2   2   7  -1    0   0   0   0   0   0   0   0   0   0   0   0   0   0   0   0   0   0 100   0  0.97 0.03
   29 A     3  -2  -2  -3   5  -2  -2  -1  -3   0  -1  -2  -1  -2  -2   0   0  -3  -2   2   48   0   0   0  24   0   0   0   0   0   0   0   0   0   0   0   0   0   0  28  0.30 0.01
   30 D    -1   0   1   5  -4   1   3  -2  -1  -3  -3   2  -2  -4  -1   0  -1  -4  -3  -3    0   0   0  48   0   0  28   0   0   0   0  24   0   0   0   0   0   0   0   0  0.57 0.01
   31 C     0  -2  -1  -2   8  -2  -2  -2  -1  -2  -2  -2  -2  -1  -2   2   0  -1   3  -1    0   0   0   0  54   0   0   0   0   0   0   0   0   0   0  28   0   0  19   0  0.59 0.02
   32 I    -2  -3  -3  -4  -2  -3  -3  -4  -3   3   2  -3   1   3  -3  -3  -1  -1   1   2    0   0   0   0   0   0   0   0   0  48  24   0   0  28   0   0   0   0   0   0  0.34 0.01
   33 T     2  -2  -1  -2  -1  -1  -1  -1  -2  -1  -1  -1  -1   3  -2   2   2  -1   0  -1   24   0   0   0   0   0   0   0   0   0   0   0   0  28   0  19  30   0   0   0  0.21 0.01
   34 K    -1   3  -1  -2  -3   1   0  -2  -1  -1   1   4   0  -2  -2  -1  -1  -3  -2  -1    0  19   0   0   0   0   0   0   0   0  24  57   0   0   0   0   0   0   0   0  0.30 0.01
   35 D    -2  -1   1   6  -4   0   3  -2  -1  -3  -4   0  -3  -4  -2   0  -1  -4  -3  -3    0   0   0  76   0   0  24   0   0   0   0   0   0   0   0   0   0   0   0   0  0.82 0.02
   36 R    -1   3  -1  -1  -3   3   0  -2  -1  -3  -3   2  -2  -3   4  -1  -1  -3  -2  -3    0  30   0   0   0  24   0   0   0   0   0  19   0   0  28   0   0   0   0   0  0.61 0.01
   37 P    -1  -3  -3  -2  -3  -2  -2  -3  -3   1  -1  -2  -1  -2   7  -1  -1  -4  -3   0    0   0   0   0   0   0   0   0   0  28   0   0   0   0  72   0   0   0   0   0  1.28 0.02
   38 I    -1  -3  -3  -4  -1  -3  -3  -4  -3   3   1  -3   1   3  -3  -2  -1  -1   0   3    0   0   0   0   0   0   0   0   0  48   0   0   0  24   0   0   0   0   0  28  0.32 0.01
   39 N    -1   0   5   1  -3   3   0  -1   0  -3  -3   0  -2  -3  -2   1   2  -3  -2  -2    0   0  57   0   0  24   0   0   0   0   0   0   0   0   0   0  19   0   0   0  0.46 0.02
   40 F    -2  -3  -3  -4  -3  -3  -4  -3  -1   0   0  -3   0   7  -4  -3  -2   1   3  -1    0   0   0   0   0   0   0   0   0   0   0   0   0 100   0   0   0   0   0   0  0.78 0.01
   41 T     0  -1   0  -1  -1  -1  -1  -2  -2  -1  -1  -1  -1  -2  -1   1   4  -2  -2   0    0   0   0   0   0   0   0   0   0   0   0   0   0   0   0   0   0   0   0   0  0.00     0.00