
Last position-specific scoring matrix computed, weighted observed percentages rounded down, information per position, and relative weight of gapless real matches to pseudocounts
            A   R   N   D   C   Q   E   G   H   I   L   K   M   F   P   S   T   W   Y   V   A   R   N   D   C   Q   E   G   H   I   L   K   M   F   P   S   T   W   Y   V
    1 P    -1  -2  -2  -2  -3  -1  -1  -2  -2  -3  -3  -1  -3  -4   8  -1  -1  -4  -3  -2    0   0   0   0   0   0   0   0   0   0   0   0   0   0 100   0   0   0   0   0  2.05 0.01
    2 T     0  -2  -1  -2  -1  -1  -2  -2  -2   1   2  -2   1  -1  -2   0   3  -2  -1   2    0   0   0   0   0   0   0   0   0   0  29   0   0   0   0   0  45   0   0  26  0.22 0.00
    3 K    -1   1   0   0  -3   3   3  -2   0  -3  -3   4  -1  -3  -1   0  -1  -3  -2  -2    0   0   0   0   0  21  26   0   0   0   0  53   0   0   0   0   0   0   0   0  0.48 0.01
    4 P    -1  -2  -1  -2  -3  -1  -1  -2   3  -3  -3  -1  -2  -3   7  -1  -1  -4  -1  -3    0   0   0   0   0   0   0   0  20   0   0   0   0   0  80   0   0   0   0   0  1.58 0.01
    5 R    -1   3  -1  -2  -2   0  -1   2  -1  -1   0   0   0  -2  -2   0   2  -2  -2  -1    0  33   0   0   0   0   0  21   0   0  20   0   0   0   0   0  26   0   0   0  0.19 0.00
    6 F    -1  -3  -2  -3   5  -2  -3  -2  -2  -1   0  -2  -1   5  -3   0  -1   0   2  -1    0   0   0   0  23   0   0   0   0   0   0   0   0  59   0  18   0   0   0   0  0.43 0.01
    7 T     1  -1   0  -1  -1  -1  -1  -1  -2  -1  -1  -1  -1  -2  -1   1   4  -3  -2   0   18   0   0   0   0   0   0   0   0   0   0   0   0   0   0   0  82   0   0   0  0.42 0.01
    8 T     0  -1   0  -1  -1  -1  -1  -2  -2  -1  -1  -1  -1  -2  -1   1   5  -3  -2   0    0   0   0   0   0   0   0   0   0   0   0   0   0   0   0   0 100   0   0   0  0.53 0.02
    9 G     0  -2  -1  -1  -3  -2  -2   6  -2  -4  -4  -2  -3  -3  -2   0  -2  -3  -3  -3    0   0   0   0   0   0   0 100   0   0   0   0   0   0   0   0   0   0   0   0  1.09 0.02
   10 L    -1  -2  -3  -4  -1  -2  -3  -4  -3   2   4  -3   2   0  -3  -2  -1  -2  -1   2    0   0   0   0   0   0   0   0   0  14  74   0   0   0   0   0   0   0   0  13  0.40 0.01
   11 V     1  -2  -2  -3  -1  -2  -2   2  -3   2   0  -2   0  -1  -2  -1   0  -3  -2   3   14   0   0   0   0   0   0  21   0  21   0   0   0   0   0   0   0   0   0  45  0.19 0.01
   12 Y    -2  -2  -2  -3  -3  -2  -2  -3   2  -2  -1  -2  -1   3  -3  -2  -2   2   7  -1    0   0   0   0   0   0   0   0   0   0   0   0   0   0   0   0   0   0 100   0  0.97 0.02
   13 D    -2  -2   1   6  -4   0   1  -1  -1  -3  -4  -1  -3  -4  -2   0  -1  -4  -3  -3    0   0   0 100   0   0   0   0   0   0   0   0   0   0   0   0   0   0   0   0  1.00 0.02
   14 T     0  -1   0  -1  -1   2   0  -1  -1  -2  -2   0  -1  -3   3   2   3  -3  -2  -1    0   0   0   0   0  21   0   0   0   0   0   0   0   0  14  31  35   0   0   0  0.37 0.01
   15 L     1  -2  -3  -3  -1  -2  -2  -2  -2   1   2  -2   1   2  -2  -1  -1  -2   0   2   21   0   0   0   0   0   0   0   0   0  35   0   0  13   0   0   0   0   0  31  0.19 0.00
   16 M    -1  -2  -2  -3  -2  -1  -2  -3  -2   1   2  -1   6   0  -3  -2  -1  -2  -1   1    0   0   0   0   0   0   0   0   0   0   0   0 100   0   0   0   0   0   0   0  0.42 0.02
   17 L    -1  -2  -3  -4  -1  -2  -3  -4  -3   2   4  -3   2   0  -3  -2  -1  -2  -1   2    0   0   0   0   0   0   0   0   0   0  79   0   0   0   0   0   0   0   0  21  0.39 0.01
   18 K    -1   3   0  -1  -3   1   1  -2  -1  -3  -2   4  -1  -3  -1   0  -1  -3  -2  -2    0  21   0   0   0   0   0   0   0   0   0  79   0   0   0   0   0   0   0   0  0.53 0.01
   19 H    -2   0   0  -1  -3   0   0  -2   8  -3  -3  -1  -2  -1  -2  -1  -2  -3   2  -3    0   0   0   0   0   0   0   0 100   0   0   0   0   0   0   0   0   0   0   0  0.95 0.02
   20 Q    -1   1   0   0  -3   5   3  -2   0  -3  -2   1  -1  -3  -1   0  -1  -2  -2  -2    0   0   0   0   0  79  21   0   0   0   0   0   0   0   0   0   0   0   0   0  0.64 0.01
   21 C    -1  -4  -3  -4   9  -3  -4  -3  -3  -1  -1  -3  -2  -3  -3  -1  -1  -2  -3  -1    0   0   0   0 100   0   0   0   0   0   0   0   0   0   0   0   0   0   0   0  1.31 0.02
   22 T     0  -2  -1  -1   5  -1  -1  -1  -2   0  -1  -1   1  -2  -2   2   2  -3  -2   0    0   0   0   0  21   0   0   0   0   0   0   0  11   0   0  36  21   0   0  11  0.24 0.00
   23 C    -1  -4  -3  -4   9  -3  -4  -3  -3  -1  -1  -3  -2  -3  -3  -1  -1  -2  -3  -1    0   0   0   0 100   0   0   0   0   0   0   0   0   0   0   0   0   0   0   0  1.31 0.02
   24 G     0  -2   0  -1  -3  -2  -2   6  -2  -4  -4  -2  -3  -3  -2   0  -2  -3  -3  -3    0   0   0   0   0   0   0 100   0   0   0   0   0   0   0   0   0   0   0   0  1.07 0.01
   25 S    -1  -1   4   4  -3   0   0  -1   0  -3  -3   0  -2  -3  -2   1   0  -4  -2  -3    0   0  53  36   0   0   0   0   0   0   0   0   0   0   0  11   0   0   0   0  0.59 0.01
   26 S     0  -1   5   1  -2   0   0  -1   0  -2  -3   0  -2  -3  -2   2   2  -3  -2  -2    0   0  57   0   0   0   0   0   0   0   0   0   0   0   0  22  21   0   0   0  0.45 0.01
   27 S     2  -1   2  -1  -1   0   0  -1   2  -2  -2   0  -1  -2  -1   3   1  -3  -1  -1   21   0  10   0   0   0   0   0  11   0   0   0   0   0   0  47  11   0   0   0  0.29 0.00
   28 S     0   3   0  -1  -2   0   0  -1  -1  -1  -2   1  -1  -2  -1   2   1  -3  -2   0    0  27   0   0   0   0   0   0   0   0   0   9   0   0   0  41  11   0   0  11  0.24 0.00
   29 H    -2   0   0  -1  -3   0   0  -2   8  -3  -3  -1  -2  -1  -2  -1  -2  -3   2  -3    0   0   0   0   0   0   0   0 100   0   0   0   0   0   0   0   0   0   0   0  0.95 0.02
   30 P    -1  -2  -2  -2  -2  -2  -1  -2  -2  -1  -2  -1  -2  -3   7  -1  -1  -4  -3   0    0   0   0   0   0   0   0   0   0   0   0   0   0   0  79   0   0   0   0  21  1.46 0.01
   31 E    -1   0   0   1  -4   2   5  -2   0  -3  -3   1  -2  -3  -1   0  -1  -3  -2  -3    0   0   0   0   0   0 100   0   0   0   0   0   0   0   0   0   0   0   0   0  0.77 0.01
   32 H    -2   0   3  -1  -3   0   0  -2   7  -3  -3  -1  -2  -2  -2  -1  -1  -3   1  -3    0   0  21   0   0   0   0   0  79   0   0   0   0   0   0   0   0   0   0   0  0.75 0.01
   33 A     4  -2  -1  -2  -1  -1  -1   2  -2  -2  -2  -1  -1  -2  -1   1   0  -3  -2  -1   79   0   0   0   0   0   0  21   0   0   0   0   0   0   0   0   0   0   0   0  0.40 0.01
   34 G     0  -2   0  -1  -3  -2  -2   6  -2  -4  -4  -2  -3  -3  -2   0  -2  -3  -3  -3    0   0   0   0   0   0   0 100   0   0   0   0   0   0   0   0   0   0   0   0  1.07 0.01
   35 R    -2   6  -1  -2  -4   1   0  -2   0  -3  -2   2  -1  -3  -2  -1  -1  -3  -2  -3    0 100   0   0   0   0   0   0   0   0   0   0   0   0   0   0   0   0   0   0  0.79 0.01
   36 I    -1  -3  -3  -3  -1  -3  -3  -4  -3   4   1  -3   1   0  -3  -2  -1  -3  -1   3    0   0   0   0   0   0   0   0   0 100   0   0   0   0   0   0   0   0   0   0  0.43 0.01
   37 Q    -1   1   0   0  -3   6   2  -2   0  -3  -2   1  -1  -3  -1   0  -1  -2  -2  -2    0   0   0   0   0 100   0   0   0   0   0   0   0   0   0   0   0   0   0   0  0.71 0.02
   38 S     1  -1   1   0  -1   0   0   0  -1  -2  -3   0  -2  -2  -1   4   1  -3  -2  -2    0   0   0   0   0   0   0   0   0   0   0   0   0   0   0 100   0   0   0   0  0.48 0.01
   39 I    -1  -3  -3  -3  -1  -3  -3  -4  -3   4   1  -3   1   0  -3  -2  -1  -3  -1   3    0   0   0   0   0   0   0   0   0 100   0   0   0   0   0   0   0   0   0   0  0.43 0.01
   40 W    -3  -3  -4  -4  -2  -2  -3  -3  -3  -3  -2  -3  -2   1  -4  -3  -3  11   2  -3    0   0   0   0   0   0   0   0   0   0   0   0   0   0   0   0   0 100   0   0  2.43 0.02
   41 S     1  -1   1   0  -1   0   0   0  -1  -2  -2   0  -1  -2  -1   4   1  -3  -2  -2    0   0   0   0   0   0   0   0   0   0   0   0   0   0   0   0   0   0   0   0  0.00     0.00