Last position-specific scoring matrix computed, weighted observed percentages rounded down, information per position, and relative weight of gapless real matches to pseudocounts
            A   R   N   D   C   Q   E   G   H   I   L   K   M   F   P   S   T   W   Y   V   A   R   N   D   C   Q   E   G   H   I   L   K   M   F   P   S   T   W   Y   V
    1 K    -1   1   0   0  -3   3   3  -2   0  -3  -3   4  -1  -3  -1   0  -1  -3  -2  -3    0   0   0   0   0  21  26   0   0   0   0  53   0   0   0   0   0   0   0   0  0.48 0.01
    2 P    -1  -2  -1  -2  -3  -1  -1  -2   4  -3  -3  -1  -3  -3   7  -1  -1  -4  -1  -3    0   0   0   0   0   0   0   0  19   0   0   0   0   0  81   0   0   0   0   0  1.58 0.01
    3 R    -1   3  -1  -2  -2   0  -1   2  -1  -1   0   0   0  -2  -2   0   2  -3  -2  -1    0  33   0   0   0   0   0  21   0   0  19   0   0   0   0   0  26   0   0   0  0.19 0.00
    4 F    -1  -3  -2  -3   5  -3  -3  -2  -2  -1   0  -3  -1   5  -3   0  -1   0   2  -1    0   0   0   0  23   0   0   0   0   0   0   0   0  59   0  18   0   0   0   0  0.43 0.01
    5 T     1  -1   0  -1  -1  -1  -1  -1  -2  -1  -1  -1  -1  -2  -1   1   5  -3  -2   0   18   0   0   0   0   0   0   0   0   0   0   0   0   0   0   0  82   0   0   0  0.42 0.01
    6 T     0  -1   0  -1  -1  -1  -1  -2  -2  -1  -1  -1  -1  -2  -1   1   5  -3  -2   0    0   0   0   0   0   0   0   0   0   0   0   0   0   0   0   0 100   0   0   0  0.52 0.02
    7 G     0  -3  -1  -2  -3  -2  -2   6  -2  -4  -4  -2  -3  -3  -2   0  -2  -3  -3  -3    0   0   0   0   0   0   0 100   0   0   0   0   0   0   0   0   0   0   0   0  1.09 0.01
    8 L    -1  -3  -4  -4  -1  -2  -3  -4  -3   2   4  -3   2   0  -3  -3  -1  -2  -1   2    0   0   0   0   0   0   0   0   0  13  74   0   0   0   0   0   0   0   0  13  0.40 0.01
    9 V     1  -3  -2  -3  -1  -2  -2   2  -3   2   0  -2   0  -1  -2  -1  -1  -3  -2   3   13   0   0   0   0   0   0  21   0  21   0   0   0   0   0   0   0   0   0  45  0.19 0.01
   10 Y    -2  -2  -2  -3  -3  -2  -2  -3   2  -2  -1  -2  -1   3  -3  -2  -2   2   7  -1    0   0   0   0   0   0   0   0   0   0   0   0   0   0   0   0   0   0 100   0  0.96 0.02
   11 D    -2  -2   1   6  -4   0   2  -2  -1  -3  -4  -1  -3  -4  -2   0  -1  -5  -3  -4    0   0   0 100   0   0   0   0   0   0   0   0   0   0   0   0   0   0   0   0  0.99 0.02
   12 T     0  -1   0  -1  -2   2   0  -1  -1  -2  -2   0  -1  -3   3   2   3  -3  -2  -1    0   0   0   0   0  21   0   0   0   0   0   0   0   0  13  31  35   0   0   0  0.37 0.01
   13 L     1  -2  -3  -3  -1  -2  -2  -2  -3   1   2  -2   1   2  -2  -1  -1  -2   0   2   21   0   0   0   0   0   0   0   0   0  35   0   0  13   0   0   0   0   0  31  0.19 0.00
   14 M    -1  -2  -2  -3  -2  -1  -2  -3  -2   1   2  -2   6   0  -3  -2  -1  -2  -1   1    0   0   0   0   0   0   0   0   0   0   0   0 100   0   0   0   0   0   0   0  0.42 0.02
   15 L    -1  -2  -4  -4  -1  -2  -3  -4  -3   2   4  -3   2   0  -3  -2  -1  -2  -1   2    0   0   0   0   0   0   0   0   0   0  79   0   0   0   0   0   0   0   0  21  0.39 0.01
   16 K    -1   3   0  -1  -3   1   1  -2  -1  -3  -3   5  -2  -3  -1   0  -1  -3  -2  -3    0  21   0   0   0   0   0   0   0   0   0  79   0   0   0   0   0   0   0   0  0.53 0.01
   17 H    -2   0   1  -1  -3   0   0  -2   8  -4  -3  -1  -2  -1  -2  -1  -2  -3   2  -3    0   0   0   0   0   0   0   0 100   0   0   0   0   0   0   0   0   0   0   0  0.94 0.02
   18 Q    -1   1   0   0  -3   5   3  -2   0  -3  -3   1  -1  -3  -1   0  -1  -2  -2  -2    0   0   0   0   0  79  21   0   0   0   0   0   0   0   0   0   0   0   0   0  0.64 0.01
   19 C    -1  -4  -3  -4   9  -3  -4  -3  -3  -1  -1  -3  -2  -3  -3  -1  -1  -3  -3  -1    0   0   0   0 100   0   0   0   0   0   0   0   0   0   0   0   0   0   0   0  1.30 0.02
   20 T     0  -2  -1  -2   5  -1  -1  -2  -2   0  -1  -1   1  -2  -2   2   2  -3  -2   0    0   0   0   0  21   0   0   0   0   0   0   0  11   0   0  36  20   0   0  11  0.25 0.00
   21 C    -1  -4  -3  -4   9  -3  -4  -3  -3  -1  -1  -3  -2  -3  -3  -1  -1  -3  -3  -1    0   0   0   0 100   0   0   0   0   0   0   0   0   0   0   0   0   0   0   0  1.30 0.02
   22 G     0  -3  -1  -1  -3  -2  -2   6  -2  -4  -4  -2  -3  -3  -2   0  -2  -3  -3  -3    0   0   0   0   0   0   0 100   0   0   0   0   0   0   0   0   0   0   0   0  1.07 0.01
   23 S    -1  -1   5   4  -3   0   1  -1   0  -3  -4   0  -3  -3  -2   1   0  -4  -3  -3    0   0  53  36   0   0   0   0   0   0   0   0   0   0   0  10   0   0   0   0  0.59 0.01
   24 S    -1  -1   5   1  -2   0   0  -1   0  -3  -3   0  -2  -3  -2   2   2  -3  -2  -2    0   0  58   0   0   0   0   0   0   0   0   0   0   0   0  21  21   0   0   0  0.45 0.01
   25 S     2  -1   2  -1  -1   0   0  -1   2  -2  -2   0  -1  -2  -1   3   2  -3  -1  -1   21   0  10   0   0   0   0   0  11   0   0   0   0   0   0  47  11   0   0   0  0.29 0.00
   26 S     0   3   0  -1  -2   0   0  -1  -1  -1  -2   1  -1  -2  -1   2   1  -3  -2   0    0  27   0   0   0   0   0   0   0   0   0   9   0   0   0  42  11   0   0  11  0.24 0.00
   27 H    -2   0   1  -1  -3   0   0  -2   8  -4  -3  -1  -2  -1  -2  -1  -2  -3   2  -3    0   0   0   0   0   0   0   0 100   0   0   0   0   0   0   0   0   0   0   0  0.94 0.02
   28 P    -1  -2  -2  -2  -2  -2  -2  -3  -3  -1  -2  -1  -2  -3   7  -1  -1  -4  -3   1    0   0   0   0   0   0   0   0   0   0   0   0   0   0  79   0   0   0   0  21  1.44 0.01
   29 E    -1   0   0   2  -4   2   5  -2   0  -4  -3   1  -2  -4  -1   0  -1  -3  -2  -3    0   0   0   0   0   0 100   0   0   0   0   0   0   0   0   0   0   0   0   0  0.77 0.01
   30 H    -2   0   3  -1  -3   0   0  -2   8  -4  -3  -1  -2  -2  -2  -1  -1  -3   1  -3    0   0  21   0   0   0   0   0  79   0   0   0   0   0   0   0   0   0   0   0  0.75 0.01
   31 A     4  -2  -1  -2  -1  -1  -1   3  -2  -2  -2  -1  -1  -3  -1   1   0  -3  -2  -1   79   0   0   0   0   0   0  21   0   0   0   0   0   0   0   0   0   0   0   0  0.40 0.01
   32 G     0  -3  -1  -1  -3  -2  -2   6  -2  -4  -4  -2  -3  -3  -2   0  -2  -3  -3  -3    0   0   0   0   0   0   0 100   0   0   0   0   0   0   0   0   0   0   0   0  1.07 0.01
   33 R    -2   6  -1  -2  -4   1   0  -3   0  -3  -2   2  -2  -3  -2  -1  -1  -3  -2  -3    0 100   0   0   0   0   0   0   0   0   0   0   0   0   0   0   0   0   0   0  0.79 0.01
   34 I    -1  -3  -4  -3  -1  -3  -4  -4  -4   5   2  -3   1   0  -3  -3  -1  -3  -2   3    0   0   0   0   0   0   0   0   0 100   0   0   0   0   0   0   0   0   0   0  0.42 0.01
   35 Q    -1   1   0   0  -3   6   2  -2   0  -3  -2   1  -1  -4  -1   0  -1  -2  -2  -2    0   0   0   0   0 100   0   0   0   0   0   0   0   0   0   0   0   0   0   0  0.70 0.01
   36 S     1  -1   1   0  -1   0   0   0  -1  -3  -3   0  -2  -3  -1   4   1  -3  -2  -2    0   0   0   0   0   0   0   0   0   0   0   0   0   0   0 100   0   0   0   0  0.48 0.01
   37 I    -1  -3  -4  -3  -1  -3  -4  -4  -4   5   2  -3   1   0  -3  -3  -1  -3  -2   3    0   0   0   0   0   0   0   0   0 100   0   0   0   0   0   0   0   0   0   0  0.42 0.01
   38 W    -3  -3  -4  -5  -3  -2  -3  -3  -3  -3  -2  -3  -2   1  -4  -3  -3  11   2  -3    0   0   0   0   0   0   0   0   0   0   0   0   0   0   0   0   0 100   0   0  2.42 0.02
   39 S     1  -1   1   0  -1   0   0   0  -1  -3  -3   0  -2  -3  -1   4   1  -3  -2  -2    0   0   0   0   0   0   0   0   0   0   0   0   0   0   0 100   0   0   0   0  0.48 0.01
   40 R    -1   6   0  -2  -4   1   0  -2   0  -3  -2   3  -2  -3  -2  -1  -1  -3  -2  -3    0  79   0   0   0   0   0   0   0   0   0  21   0   0   0   0   0   0   0   0  0.67 0.01
   41 L    -1  -2  -3  -4  -1  -2  -3  -4  -3   2   4  -2   2   0  -3  -2  -1  -2  -1   1    0   0   0   0   0   0   0   0   0   0   0   0   0   0   0   0   0   0   0   0  0.00     0.00