Last position-specific scoring matrix computed, weighted observed percentages rounded down, information per position, and relative weight of gapless real matches to pseudocounts
           A  R  N  D  C  Q  E  G  H  I  L  K  M  F  P  S  T  W  Y  V   A   R   N   D   C   Q   E   G   H   I   L   K   M   F   P   S   T   W   Y   V
    1 P   -1 -2 -2 -2 -3 -1 -1 -2 -2 -3 -3 -1 -3 -4  8 -1 -1 -4 -3 -2    0   0   0   0   0   0   0   0   0   0   0   0   0   0 100   0   0   0   0   0  2.04 0.00
    2 L   -1 -2 -3 -3 -1 -2 -3 -3 -3  2  3 -2  1  0 -3 -2 -1 -2 -1  3    0   0   0   0   0   0   0   0   0   0  50   0   0   0   0   0   0   0   0  50  0.32 0.01
    3 S    0 -1  0 -1 -2 -1 -1 -1 -1 -3 -3 -1 -2 -3  6  2  0 -3 -2 -2    0   0   0   0   0   0   0   0   0   0   0   0   0   0  50  50   0   0   0   0  0.91 0.00
    4 N    0 -1  4  1 -2  0  0  0  0 -3 -3  0 -2 -3 -1  3  1 -3 -2 -2    0   0  50   0   0   0   0   0   0   0   0   0   0   0   0  50   0   0   0   0  0.45 0.00
    5 S    1 -1  1  0 -1  0  0  0 -1 -2 -3  0 -2 -2 -1  4  1 -3 -2 -2    0   0   0   0   0   0   0   0   0   0   0   0   0   0   0 100   0   0   0   0  0.45 0.00
    6 Q   -1  1  0  0 -3  5  2 -2  0 -3 -2  1  0 -3 -1  0 -1 -2 -1 -2    0   0   0   0   0 100   0   0   0   0   0   0   0   0   0   0   0   0   0   0  0.65 0.00
    7 P   -1 -2 -2 -2 -3 -1 -1 -2 -2 -3 -3 -1 -3 -4  8 -1 -1 -4 -3 -2    0   0   0   0   0   0   0   0   0   0   0   0   0   0 100   0   0   0   0   0  2.04 0.00
    8 S    3 -1  0 -1 -1  0  0  0 -1 -2 -2  0 -1 -2 -1  3  1 -3 -2 -1   50   0   0   0   0   0   0   0   0   0   0   0   0   0   0  50   0   0   0   0  0.35 0.01
    9 F   -2 -3 -3 -4 -2 -3 -3 -3 -1  0  0 -3  0  6 -4 -2 -2  1  3 -1    0   0   0   0   0   0   0   0   0   0   0   0   0 100   0   0   0   0   0   0  0.75 0.01
   10 P   -1 -2 -2 -2 -3 -1 -1 -2 -2 -3 -3 -1 -3 -4  8 -1 -1 -4 -3 -3    0   0   0   0   0   0   0   0   0   0   0   0   0   0 100   0   0   0   0   0  2.11 0.03
   11 V    0 -3 -3 -3 -1 -2 -3 -3 -3  3  1 -2  1 -1 -3 -2  0 -3 -1  4    0   0   0   0   0   0   0   0   0   0   0   0   0   0   0   0   0   0   0 100  0.41 0.02
   12 E   -1  1  0  1 -4  3  4 -2  0 -3 -3  2 -2 -3 -1  0 -1 -3 -2 -3    0   0   0   0   0  16  60   0   0   0   0  23   0   0   0   0   0   0   0   0  0.57 0.02
   13 I   -1 -3 -3 -3 -1 -3 -3 -4 -3  4  2 -3  1  0 -3 -3 -1 -2 -1  2    0   0   0   0   0   0   0   0   0  77  23   0   0   0   0   0   0   0   0   0  0.40 0.02
   14 L   -1 -2 -2 -3 -1 -2 -2 -3 -3  2  3 -2  1  0 -2 -1  2 -2 -1  1    0   0   0   0   0   0   0   0   0  22  55   0   0   0   0   0  23   0   0   0  0.27 0.01
   15 P   -1 -2  2 -1 -3 -1 -1 -2 -1 -3 -3 -1 -3 -4  7 -1 -1 -4 -3 -3    0   0  23   0   0   0   0   0   0   0   0   0   0   0  77   0   0   0   0   0  1.49 0.02
   16 F   -2 -3 -3 -4 -2 -3 -3 -3 -1  0  2 -3  0  5 -3 -2 -2  1  4 -1    0   0   0   0   0   0   0   0   0   0  22   0   0  61   0   0   0   0  16   0  0.56 0.02
   17 L   -2 -2 -4 -4 -1 -2 -3 -4 -3  1  4 -3  2  0 -3 -3 -1 -2 -1  1    0   0   0   0   0   0   0   0   0   0 100   0   0   0   0   0   0   0   0   0  0.50 0.02
   18 Y   -2 -2 -2 -3 -3 -2 -2 -3  1 -1 -1 -2 -1  4 -3 -2 -2  2  6 -1    0   0   0   0   0   0   0   0   0   0   0   0   0  22   0   0   0   0  78   0  0.84 0.03
   19 L   -2 -2 -4 -4 -1 -2 -3 -4 -3  1  4 -3  2  0 -3 -3 -1 -2 -1  1    0   0   0   0   0   0   0   0   0   0 100   0   0   0   0   0   0   0   0   0  0.50 0.02
   20 G    0 -2 -1 -1 -3 -2 -2  6 -2 -4 -4 -2 -3 -3 -2  0 -2 -3 -3 -3    0   0   0   0   0   0   0 100   0   0   0   0   0   0   0   0   0   0   0   0  1.10 0.02
   21 C    0 -1  4  0  6 -1 -1 -1 -1 -2 -2 -1 -2 -3 -2  2  0 -3 -2 -2    0   0  45   0  33   0   0   0   0   0   0   0   0   0   0  22   0   0   0   0  0.49 0.02
   22 A    4 -2 -2 -2 -1 -1 -1  0 -2 -1 -2 -1 -1 -2 -1  1  0 -3 -2  0  100   0   0   0   0   0   0   0   0   0   0   0   0   0   0   0   0   0   0   0  0.46 0.02
   23 K   -1  0 -1  0 -2  1  2 -2  0 -2 -2  2 -1  0 -1  0  2 -1  3 -2    0   0   0   0   0   0  23   0   0   0   0  33   0   0   0   0  22   0  22   0  0.26 0.01
   24 D   -1 -1  1  3 -3  0  0 -2  6 -3 -3 -1 -2 -2 -2  0  2 -3  0 -2    0   0   0  33   0   0   0   0  44   0   0   0   0   0   0   0  23   0   0   0  0.47 0.02
   25 S    3 -1  0 -1 -1  0 -1  0 -1 -2 -2 -1 -1 -2 -1  3  1 -3 -2 -1   45   0   0   0   0   0   0   0   0   0   0   0   0   0   0  55   0   0   0   0  0.38 0.02
   26 T    1  0 -1 -2  5  0 -1 -1 -2 -1 -2  2 -1 -3 -1  1  2 -3 -2 -1   22   0   0   0  22   0   0   0   0   0   0  23   0   0   0   0  33   0   0   0  0.27 0.01
   27 N   -2  2  5  3 -3  0  0 -1  0 -3 -3  0 -2 -3 -2  0 -1 -4 -2 -3    0  22  56  22   0   0   0   0   0   0   0   0   0   0   0   0   0   0   0   0  0.54 0.02
   28 L   -1  4 -1 -2 -2  0 -1 -2 -1 -1  1  1  0 -1 -2  1  0 -2 -2 -1    0  45   0   0   0   0   0   0   0   0  33   0   0   0   0  22   0   0   0   0  0.23 0.01
   29 D   -2 -1  1  6 -4  0  3 -2 -1 -3 -4  0 -3 -4 -2  0 -1 -4 -3 -3    0   0   0  78   0   0  22   0   0   0   0   0   0   0   0   0   0   0   0   0  0.84 0.02
   30 V    1 -2 -3 -3 -1 -2 -2 -2 -2  2  1 -2  3 -1 -2 -1  0 -3 -1  3   22   0   0   0   0   0   0   0   0   0   0   0  22   0   0   0   0   0   0  56  0.22 0.01
   31 L   -2 -2 -4 -4 -1 -2 -3 -4 -3  1  4 -3  2  0 -3 -3 -1 -2 -1  1    0   0   0   0   0   0   0   0   0   0 100   0   0   0   0   0   0   0   0   0  0.50 0.02
   32 E   -1  1  0  3 -3  1  2  1 -1 -3 -3  3 -2 -3 -1  0 -1 -3 -2 -3    0   0   0  22   0   0  16  16   0   0   0  45   0   0   0   0   0   0   0   0  0.38 0.01
   33 E    1  1 -1  0 -2  1  2 -1 -1 -3 -2  4 -1 -3 -1  0 -1 -3 -2 -2   22   0   0   0   0   0  16   0   0   0   0  62   0   0   0   0   0   0   0   0  0.36 0.01
   34 F   -2 -2 -3 -3 -2 -2 -3 -3  1  0  1 -2  0  4 -3 -2 -2  1  6 -1    0   0   0   0   0   0   0   0   0   0  22   0   0  16   0   0   0   0  62   0  0.60 0.02
   35 G    0 -2  3  0 -2 -1 -1  4 -1 -3 -3 -1 -2 -3 -2  2  0 -3 -3 -3    0   0  22   0   0   0   0  55   0   0   0   0   0   0   0  23   0   0   0   0  0.57 0.01
   36 I   -1 -3 -3 -3 -1 -3 -3 -4 -3  5  1 -3  1  0 -3 -3 -1 -3 -1  2    0   0   0   0   0   0   0   0   0 100   0   0   0   0   0   0   0   0   0   0  0.46 0.02
   37 K    0  1  0 -1 -2  1  0 -1 -1 -2 -2  3 -1 -3 -1  2  2 -3 -2 -2    0   0   0   0   0   0   0   0   0   0   0  55   0   0   0  23  22   0   0   0  0.33 0.01
   38 Y    1 -1 -1 -2 -2 -1 -1 -2  4 -2 -2 -1 -1  2 -2 -1 -1  1  5 -1   22   0   0   0   0   0   0   0  23   0   0   0   0   0   0   0   0   0  55   0  0.50 0.02
   39 I   -1 -3 -3 -3 -1 -2 -3 -4 -3  3  2 -3  1  0 -3 -2 -1 -3 -1  3    0   0   0   0   0   0   0   0   0  33  22   0   0   0   0   0   0   0   0  45  0.34 0.01
   40 L   -2 -2 -4 -4 -1 -2 -3 -4 -3  2  4 -3  2  0 -3 -3 -1 -2 -1  1    0   0   0   0   0   0   0   0   0  23  77   0   0   0   0   0   0   0   0   0  0.43 0.01
   41 N   -1  0  5  1 -3  0  0  0  1 -3 -3  0 -2 -3 -2  1  0 -3 -2 -3    0   0   0   0   0   0   0   0   0   0   0   0   0   0   0   0   0   0   0   0  0.00     0.00