Last position-specific scoring matrix computed, weighted observed percentages rounded down, information per position, and relative weight of gapless real matches to pseudocounts
           A  R  N  D  C  Q  E  G  H  I  L  K  M  F  P  S  T  W  Y  V   A   R   N   D   C   Q   E   G   H   I   L   K   M   F   P   S   T   W   Y   V
    1 L   -1 -2 -3 -3 -1 -1 -2 -3 -2  1  3 -2  4  0 -3 -2 -1 -2 -1  1    0   0   0   0   0   0   0   0   0   0  50   0  50   0   0   0   0   0   0   0  0.35 0.00
    2 E   -1  0  4  1 -3  1  3 -1  0 -3 -3  0 -2 -3 -2  0  0 -3 -2 -3    0   0  50   0   0   0  50   0   0   0   0   0   0   0   0   0   0   0   0   0  0.54 0.00
    3 P   -1 -2 -2 -2 -3 -1 -1 -2 -2 -3 -3 -1 -3 -4  8 -1 -1 -4 -3 -2    0   0   0   0   0   0   0   0   0   0   0   0   0   0 100   0   0   0   0   0  2.05 0.00
    4 G    0 -2  0 -1 -3 -2 -2  6 -2 -4 -4 -2 -3 -3 -2  0 -2 -3 -3 -3    0   0   0   0   0   0   0 100   0   0   0   0   0   0   0   0   0   0   0   0  1.04 0.00
    5 G    0 -2  0 -1 -3 -2 -2  6 -2 -4 -4 -2 -3 -3 -2  0 -2 -3 -3 -3    0   0   0   0   0   0   0 100   0   0   0   0   0   0   0   0   0   0   0   0  1.04 0.00
    6 Q   -1  1  0  0 -3  5  2 -2  0 -3 -2  1  0 -3 -1  0 -1 -2 -1 -2    0   0   0   0   0 100   0   0   0   0   0   0   0   0   0   0   0   0   0   0  0.66 0.00
    7 F   -2 -3 -3 -4 -2 -3 -3 -3 -1  0  0 -3  0  6 -4 -2 -2  1  3 -1    0   0   0   0   0   0   0   0   0   0   0   0   0 100   0   0   0   0   0   0  0.74 0.00
    8 E   -1  0  0  0 -3  1  3 -2  6 -3 -3  0 -2 -2 -2 -1 -1 -3  0 -3    0   0   0   0   0   0  50   0  50   0   0   0   0   0   0   0   0   0   0   0  0.58 0.00
    9 L   -1 -2 -3 -2 -2 -2 -2 -3 -3  0  2 -2  1 -1  6 -2 -1 -3 -2  0    0   0   0   0   0   0   0   0   0   0  50   0   0   0  50   0   0   0   0   0  0.80 0.00
   10 S    1 -1  0 -1 -1  0 -1 -1 -1 -1 -2  0 -1 -2 -1  3  3 -3 -2 -1    0   0   0   0   0   0   0   0   0   0   0   0   0   0   0  50  50   0   0   0  0.39 0.00
   11 G    0 -2 -1 -1 -3 -2 -2  5 -2 -3 -3 -1 -3 -3  5 -1 -1 -3 -3 -3    0   0   0   0   0   0   0  63   0   0   0   0   0   0  37   0   0   0   0   0  0.98 0.01
   12 A    3 -2 -2 -2 -1 -1 -1 -1 -2 -2 -2 -1 -1 -3  5  1  0 -3 -2 -1   63   0   0   0   0   0   0   0   0   0   0   0   0   0  37   0   0   0   0   0  0.68 0.01
   13 P   -1 -2 -2 -2 -3 -2 -1 -2 -2 -3 -3 -1 -3 -4  8 -1 -1 -4 -3 -3    0   0   0   0   0   0   0   0   0   0   0   0   0   0 100   0   0   0   0   0  2.12 0.04
   14 L   -1 -2 -3 -3 -1 -2 -3 -4 -3  2  3 -2  4  0 -3 -2 -1 -2 -1  1    0   0   0   0   0   0   0   0   0  26  47   0  27   0   0   0   0   0   0   0  0.36 0.02
   15 E    0  0 -1  0 -2  3  2 -2 -1 -1  1  0  0 -2 -2  1  0 -2 -2 -1    0   0   0   0   0  26  21   0   0   0  27   0   0   0   0  26   0   0   0   0  0.20 0.01
   16 T    0 -1  0 -1 -1 -1 -1 -1 -1 -1 -1 -1 -1 -2 -1  1  4 -2 -1  0    2   1   1   1   1   1   2   2   1   1   2   1   1   1   1   2  75   0   1   2  0.33 0.02
   17 L   -1 -2 -2 -2 -1 -2 -2 -2 -2  2  2 -2  1  0 -2 -1  0 -2 -1  2    2   1   1   1   1   1   2   2   1  27  23   1   1   1   1   2   2   0   1  29  0.16 0.00
   18 H   -1 -1  0 -2  5  0 -1 -2  7 -3 -3 -1 -2 -2 -3 -1 -2 -3  1 -3    0   0   0   0  26   0   0   0  74   0   0   0   0   0   0   0   0   0   0   0  0.79 0.04
   19 Q   -1  0 -1 -1 -2  4  0 -2  0 -1 -1  2 -1  0 -2 -1 -1 -1  3  1    0   0   0   0   0  40   0   0   0   0   0  18   0   0   0   0   0   0  23  19  0.27 0.03
   20 T    0 -1  0 -1 -1 -1 -1 -2 -2 -1 -1 -1 -1 -2 -1  1  5 -3 -2  0    0   0   0   0   0   0   0   0   0   0   0   0   0   0   0   0 100   0   0   0  0.62 0.05
   21 C   -1 -3 -3 -4  7 -3 -3 -3 -3  1  1 -3  0 -1 -3 -2 -1 -2 -2  2    0   0   0   0  53   0   0   0   0   0  23   0   0   0   0   0   0   0   0  24  0.65 0.04
   22 A    1  0 -1  0 -2  0  2 -1  0 -2 -2  2 -2 -1 -1  2  0 -1  3 -2   16   0   0   0   0   0  23   0   0   0   0  19   0   0   0  24   0   0  18   0  0.23 0.02
   23 E   -1 -1  0  5 -4  1  4 -2 -1 -3 -3  0 -3 -4 -1  0 -1 -4 -3 -3    0   0   0  47   0   0  53   0   0   0   0   0   0   0   0   0   0   0   0   0  0.76 0.03
   24 V    0 -2 -2 -2 -1 -2 -2  1 -3  2  0 -2  0 -1 -2 -1  1 -3 -2  3    0   0   0   0   0   0   0  18   0  23   0   0   0   0   0   0  19   0   0  40  0.20 0.02
   25 N   -1  3  3  0 -3  2  0 -1  0 -3 -2  1 -1 -3 -2  0  2 -3 -2 -2    0  24  34   0   0  19   0   0   0   0   0   0   0   0   0   0  23   0   0   0  0.38 0.02
   26 S    0 -2  0 -1 -2 -1 -1  5 -2 -3 -3 -1 -2 -3 -2  2  0 -3 -3 -3    0   0   0   0   0   0   0  61   0   0   0   0   0   0   0  39   0   0   0   0  0.66 0.03
   27 H   -2 -1  3 -1 -3  0  0 -2  8 -4 -3 -1 -2 -2 -2 -1 -1 -3  1 -3    0   0  24   0   0   0   0   0  76   0   0   0   0   0   0   0   0   0   0   0  0.87 0.05
   28 L   -2 -3 -3 -4 -2 -3 -3 -4 -2  1  3 -3  1  4 -3 -3 -2  0  1  0    0   0   0   0   0   0   0   0   0   0  58   0   0  42   0   0   0   0   0   0  0.48 0.03
   29 Y   -2 -2 -2 -3 -3 -2 -2 -3  2 -2 -1 -2 -1  3 -3 -2 -2  2  7 -1    0   0   0   0   0   0   0   0   0   0   0   0   0   0   0   0   0   0 100   0  0.96 0.03
   30 Q   -1  4  0 -1 -3  4  1 -2  0 -3 -2  2 -1 -3 -2 -1 -1 -2 -2 -2    0  51   0   0   0  49   0   0   0   0   0   0   0   0   0   0   0   0   0   0  0.60 0.02
   31 V    0 -1 -1  0 -2  0  2  3 -1  0 -1 -1 -1 -2 -2 -1 -1 -3 -2  1    0   0   0   0   0   0  35  34   0   0   0   0   0   0   0   0   0   0   0  31  0.24 0.00
   32 K   -1  2  0 -1 -3  1  1 -2 -1 -3 -3  5 -1 -3 -1  0 -1 -3 -2 -2    0   0   0   0   0   0   0   0   0   0   0 100   0   0   0   0   0   0   0   0  0.53 0.01
   33 A    3 -1 -1 -2 -1 -1 -1  0 -2 -1 -1 -1 -1 -2 -1  1  3 -3 -2  0   65   0   0   0   0   0   0   0   0   0   0   0   0   0   0   0  35   0   0   0  0.32 0.00
   34 V    0 -2 -1 -2 -1 -1 -2 -2 -2  2  0 -1  0 -1 -2  2  1 -3 -1  3    0   0   0   0   0   0   0   0   0   0   0   0   0   0   0  34   0   0   0  66  0.19 0.00
   35 A    3 -1 -1 -1 -1 -1 -1 -1 -2 -1 -1 -1 -1 -2 -1  1  3 -3 -2  0   50   0   0   0   0   0   0   0   0   0   0   0   0   0   0   0  50   0   0   0  0.32 0.00
   36 E   -1 -1  1  4 -4  1  4 -2 -1 -3 -3  0 -3 -3 -1  0 -1 -4 -3 -3    0   0   0  50   0   0  50   0   0   0   0   0   0   0   0   0   0   0   0   0  0.69 0.00
   37 E    0 -1  0  1 -2  1  3 -2 -1 -2 -2  0 -1 -3 -1  1  3 -3 -2 -1    0   0   0   0   0   0  50   0   0   0   0   0   0   0   0   0  50   0   0   0  0.40 0.00
   38 M   -1 -1 -2 -3 -1  0 -2 -3 -2  1  2 -1  6  0 -3 -2 -1 -1 -1  1    0   0   0   0   0   0   0   0   0   0   0   0 100   0   0   0   0   0   0   0  0.36 0.01
   39 G    0 -2  0 -1 -3 -2 -2  6 -2 -4 -4 -2 -3 -3 -2  0 -2 -3 -3 -3    0   0   0   0   0   0   0 100   0   0   0   0   0   0   0   0   0   0   0   0  1.04 0.00
   40 I   -1 -3 -3 -3 -1 -3 -3 -4 -3  4  1 -3  1  0 -3 -2 -1 -2 -1  2    0   0   0   0   0   0   0   0   0   0   0   0   0   0   0   0   0   0   0   0  0.00     0.00
   41 G    0 -2  0 -1 -2 -2 -2  5 -2 -4 -3 -1 -3 -3 -2  0 -1 -2 -3 -3    0   0   0   0   0   0   0   0   0   0   0   0   0   0   0   0   0   0   0   0  0.00     0.00