Last position-specific scoring matrix computed, weighted observed percentages rounded down, information per position, and relative weight of gapless real matches to pseudocounts
           A  R  N  D  C  Q  E  G  H  I  L  K  M  F  P  S  T  W  Y  V   A   R   N   D   C   Q   E   G   H   I   L   K   M   F   P   S   T   W   Y   V
    1 V   -1 -3 -3 -3 -1 -2 -3 -3 -3  3  1 -2  1 -1 -3 -2  0 -3 -1  3    0   0   0   0   0   0   0   0   0  35   0   0   0   0   0   0   0   0   0  65  0.36 0.01
    2 S    2 -2 -1 -2 -1 -1 -1 -1 -2  0 -1 -1  0 -2 -1  2  0 -3 -2  2   35   0   0   0   0   0   0   0   0   0   0   0   0   0   0  31   0   0   0  34  0.19 0.01
    3 V    0 -3 -3 -3 -1 -2 -3 -3 -3  2  1 -2  1 -1 -2 -2  0 -3 -1  4    0   0   0   0   0   0   0   0   0   0   0   0   0   0   0   0   0   0   0 100  0.38 0.01
    4 H    2 -1  0 -1 -2  0  0 -1  6 -2 -2 -1 -1 -2 -2  0 -1 -2  1 -2   35   0   0   0   0   0   0   0  65   0   0   0   0   0   0   0   0   0   0   0  0.52 0.02
    5 V    0 -1 -2 -1 -2  0  2 -3 -2  1  0 -1  0 -2 -2 -1  0 -3 -2  3    0   0   0   0   0   0  35   0   0   0   0   0   0   0   0   0   0   0   0  65  0.21 0.01
    6 S    1 -1  0 -1  6 -1 -1 -1 -2 -2 -2 -1 -2 -2 -1  3  1 -3 -2 -1    0   0   0   0  34   0   0   0   0   0   0   0   0   0   0  66   0   0   0   0  0.48 0.01
    7 E   -1 -1  0  4 -4  1  4 -2  0 -3 -3  0 -2 -3 -1  0 -1 -3 -2 -3    0   0   0  35   0   0  65   0   0   0   0   0   0   0   0   0   0   0   0   0  0.69 0.01
    8 S    1 -1  0 -1 -1  0  0 -1 -1 -2 -2  0 -1 -2 -1  4  3 -3 -2 -1    0   0   0   0   0   0   0   0   0   0   0   0   0   0   0  73  27   0   0   0  0.43 0.03
    9 S    1 -1  1  4 -2  0  1 -1 -1 -2 -3 -1 -2 -3 -1  1  0 -3 -2 -2   26   0   0  55   0   0   0   0   0   0   0   0   0   0   0  19   0   0   0   0  0.47 0.02
   10 D   -1  0  1  4 -3  3  3 -2  0 -3 -3  0 -2 -3 -1  0 -1 -3 -2 -3    0   0   0  46   0  29  26   0   0   0   0   0   0   0   0   0   0   0   0   0  0.61 0.02
   11 D   -1  0  1  4 -3  3  3 -2  0 -3 -3  0 -2 -3 -1  0 -1 -3 -2 -3    0   0   0  45   0  27  29   0   0   0   0   0   0   0   0   0   0   0   0   0  0.62 0.02
   12 D   -2 -1  3  4 -3  0  3 -1  0 -3 -3  0 -3 -3 -2  0 -1 -4 -3 -3    0   0  29  45   0   0  27   0   0   0   0   0   0   0   0   0   0   0   0   0  0.62 0.02
   13 E   -1 -1  0  3 -4  1  4 -2  0 -3 -3  0 -2 -3 -1  0 -1 -3 -2 -3    0   0   0  26   0   0  74   0   0   0   0   0   0   0   0   0   0   0   0   0  0.71 0.03
   14 E   -1 -1  0  3 -4  1  4 -2  0 -3 -3  0 -2 -3 -1  0 -1 -3 -2 -3    0   0   0  27   0   0  73   0   0   0   0   0   0   0   0   0   0   0   0   0  0.71 0.03
   15 E   -1 -1  0  3 -4  1  4 -2  0 -3 -3  0 -2 -3 -1  0 -1 -3 -2 -3    0   0   0  26   0   0  74   0   0   0   0   0   0   0   0   0   0   0   0   0  0.71 0.03
   16 E   -1 -1  0  3 -4  1  4 -2  0 -3 -3  0 -2 -3 -1  0 -1 -3 -2 -3    0   0   0  26   0   0  74   0   0   0   0   0   0   0   0   0   0   0   0   0  0.71 0.03
   17 E   -1 -1  3  3 -3  1  4 -1  0 -3 -3  0 -2 -3 -2  0 -1 -3 -2 -3    0   0  27  26   0   0  47   0   0   0   0   0   0   0   0   0   0   0   0   0  0.58 0.02
   18 N    0 -1  4  1 -2  1  2 -1  0 -3 -3  0 -2 -3 -1  2  0 -3 -2 -2    0   0  45   0   0   0  29   0   0   0   0   0   0   0   0  27   0   0   0   0  0.45 0.02
   19 I    0 -2 -2 -2 -1 -1 -2 -2 -2  2  2 -1  3  0 -2  1  0 -2 -1  1    0   0   0   0   0   0   0   0   0  19  27   0  29   0   0  26   0   0   0   0  0.18 0.01
   20 G    0 -1  0  0 -2  0  2  4 -1 -3 -3  0 -2 -3 -2  2  0 -3 -2 -3    0   0   0   0   0   0  29  46   0   0   0   0   0   0   0  26   0   0   0   0  0.47 0.02
   21 C    0  3  0 -1  4  0 -1 -2 -1 -2 -2  0 -1 -2 -2  2  2 -3 -2 -1    0  29   0   0  19   0   0   0   0   0   0   0   0   0   0  26  27   0   0   0  0.31 0.02
   22 E   -1 -1 -1  1 -3  1  4 -2 -1 -1 -1  0  3 -2 -2 -1 -1 -2 -2 -1    0   0   0   0   0   0  71   0   0   0   0   0  29   0   0   0   0   0   0   0  0.45 0.03
   23 E   -1  1  0  1 -4  2  4 -2  0 -3 -3  3 -2 -3 -1  0 -1 -3 -2 -2    0   0   0   0   0   0  71   0   0   0   0  29   0   0   0   0   0   0   0   0  0.61 0.03
   24 K   -1  3  0  0 -3  1  2 -2  0 -3 -3  3 -2 -3 -1  0 -1 -3 -2 -2    0  29   0   0   0   0  27   0   0   0   0  45   0   0   0   0   0   0   0   0  0.49 0.02
   25 A    3 -1 -1 -1 -1 -1 -1 -1 -2 -2 -2 -1 -2 -3  4  2  0 -3 -2 -1   45   0   0   0   0   0   0   0   0   0   0   0   0   0  29  27   0   0   0   0  0.55 0.02
   26 K    2  1  0 -1 -2  0  0 -1 -1 -2 -2  3 -1 -3 -1  2  0 -3 -2 -1   26   0   0   0   0   0   0   0   0   0   0  47   0   0   0  27   0   0   0   0  0.30 0.02
   27 K   -1  1 -1  0 -3  1  2 -2 -1 -3 -3  3 -2 -3  4  0 -1 -3 -2 -2    0   0   0   0   0   0  26   0   0   0   0  46   0   0  29   0   0   0   0   0  0.62 0.02
   28 N   -1  1  4  0 -3  3  1 -1  0 -3 -3  2 -1 -3 -2  0  0 -3 -2 -3    0   0  45   0   0  27   0   0   0   0   0  29   0   0   0   0   0   0   0   0  0.46 0.02
   29 A    1 -1 -1  0 -1  0  2 -1 -1  1 -1 -1 -1 -2 -1  2  0 -3 -2  0   19   0   0   0   0   0  27   0   0  29   0   0   0   0   0  26   0   0   0   0  0.15 0.01
   30 N   -1 -1  4  0 -2 -1 -1 -1 -1  1 -1 -1 -1 -2 -2  2  0 -3 -2  0    0   0  45   0   0   0   0   0   0  29   0   0   0   0   0  27   0   0   0   0  0.24 0.02
   31 K   -1  3  0 -1 -3  4  1 -2  0 -3 -2  2 -1 -3 -2  0 -1 -2 -2 -2    0  26   0   0   0  55   0   0   0   0   0  19   0   0   0   0   0   0   0   0  0.55 0.02
   32 P   -1 -2 -1 -1 -2 -1 -1 -2 -2 -2 -2 -1 -2 -3  7  0  2 -3 -3 -2    0   0   0   0   0   0   0   0   0   0   0   0   0   0  71   0  29   0   0   0  1.36 0.03
   33 L   -1  2 -2 -3 -2 -1 -2 -3 -2  1  2  0  1 -1 -3 -2 -1 -2 -1  2    0  29   0   0   0   0   0   0   0   0  45   0   0   0   0   0   0   0   0  27  0.22 0.01
   34 L   -1  4 -2 -2 -2  0 -1 -3 -1  0  2  1  1 -1 -2 -1 -1 -2 -1  0    0  50   0   0   0   0   0   0   0   0  50   0   0   0   0   0   0   0   0   0  0.29 0.00
   35 D   -1 -2  0  4 -3 -1  0 -2 -2 -3 -3 -1 -3 -4  6 -1 -1 -4 -3 -3    0   0   0  50   0   0   0   0   0   0   0   0   0   0  50   0   0   0   0   0  1.07 0.00
   36 E   -1  0  0  1 -4  2  5 -2  0 -3 -3  1 -2 -3 -1  0 -1 -3 -2 -2    0   0   0   0   0   0 100   0   0   0   0   0   0   0   0   0   0   0   0   0  0.74 0.00
   37 I   -2 -2 -3 -3 -2 -2 -3 -3  0  2  1 -2  0  2 -3 -2 -1  1  5  1    0   0   0   0   0   0   0   0   0  50   0   0   0   0   0   0   0   0  50   0  0.38 0.00
   38 V    0 -2 -1 -2 -1 -1 -2 -2 -2  1  0 -1  0 -1 -2  0  3 -3 -1  2    0   0   0   0   0   0   0   0   0   0   0   0   0   0   0   0  50   0   0  50  0.25 0.00
   39 P   -1 -2 -2 -2 -3 -1 -1 -2 -2 -3 -3 -1 -3 -4  7 -1 -1 -4 -3 -2    0   0   0   0   0   0   0   0   0   0   0   0   0   0 100   0   0   0   0   0  2.05 0.01
   40 V   -1 -3 -3 -3 -1 -2 -3 -3 -3  3  1 -2  1  0 -3 -2  0 -3 -1  3    0   0   0   0   0   0   0   0   0  50   0   0   0   0   0   0   0   0   0  50  0.35 0.00
   41 Y   -2 -1  0 -2 -3  0 -1 -3  6 -2 -2 -1 -1  2 -3 -1 -2  1  5 -2    0   0   0   0   0   0   0   0  50   0   0   0   0   0   0   0   0   0  50   0  0.66 0.00