
Last position-specific scoring matrix computed, weighted observed percentages rounded down, information per position, and relative weight of gapless real matches to pseudocounts
            A   R   N   D   C   Q   E   G   H   I   L   K   M   F   P   S   T   W   Y   V   A   R   N   D   C   Q   E   G   H   I   L   K   M   F   P   S   T   W   Y   V
    1 W    -3  -3  -4  -5  -3  -2  -3  -3  -3  -3  -2  -3  -2   1  -4  -3  -3  12   2  -3    0   0   0   0   0   0   0   0   0   0   0   0   0   0   0   0   0 100   0   0  2.37 0.01
    2 L    -2  -2  -4  -4  -1  -2  -3  -4  -3   2   4  -3   2   0  -3  -3  -1  -2  -1   1    0   0   0   0   0   0   0   0   0   0 100   0   0   0   0   0   0   0   0   0  0.47 0.00
    3 S     0  -1   4   0  -2   0   0   0   0  -3  -3   0  -2  -3  -1   3   2  -3  -2  -2    0   0  37   0   0   0   0   0   0   0   0   0   0   0   0  56   7   0   0   0  0.41 0.00
    4 L    -2  -2  -4  -4  -1  -2  -3  -4  -3   2   4  -3   2   0  -3  -3  -1  -2  -1   1    0   0   0   0   0   0   0   0   0   0 100   0   0   0   0   0   0   0   0   0  0.47 0.00
    5 V    -1  -3  -3  -4  -1  -2  -3  -4  -3   3   2  -3   1  -1  -3  -2   0  -3  -1   4    0   0   0   0   0   0   0   0   0   0  27   0   0   0   0   0   0   0   0  73  0.32 0.00
    6 K    -1   2   2   0  -3   1   1  -2   2  -3  -3   5  -2  -3  -1   0  -1  -3  -2  -3    0   0  12   0   0   0   0   0   6   0   0  82   0   0   0   0   0   0   0   0  0.43 0.00
    7 I    -1  -3  -3  -3  -1  -2  -3  -4  -3   4   1  -2   2   0  -3  -2   0  -3  -1   3    0   0   0   0   0   0   0   0   0  56   0   0  13   0   0   0   7   0   0  24  0.28 0.00
    8 K    -1   2   0  -1  -3   1   1  -2  -1  -3  -3   5  -2  -3  -1   0  -1  -3  -2  -3    0   0   0   0   0   0   0   0   0   0   0 100   0   0   0   0   0   0   0   0  0.53 0.01
    9 F    -2  -3  -3  -4  -3  -3  -4  -4  -2   0   1  -3   0   7  -4  -3  -2   1   3  -1    0   0   0   0   0   0   0   0   0   0   7   0   0  93   0   0   0   0   0   0  0.70 0.01
   10 R    -1   5  -1  -2   3   1  -1   0   1  -3  -2   2  -2  -3  -2  -1  -1  -3  -2  -3    0  75   0   0  12   0   0   7   6   0   0   0   0   0   0   0   0   0   0   0  0.50 0.00
   11 E    -1   0   0   2  -4   2   6  -2   0  -4  -3   1  -2  -4  -1   0  -1  -3  -2  -3    0   0   0   0   0   0 100   0   0   0   0   0   0   0   0   0   0   0   0   0  0.75 0.01
   12 E    -1   0   1   3  -4   2   5  -2   0  -4  -3   1  -2  -4  -1   0  -1  -3  -2  -3    0   0   7  13   0   0  81   0   0   0   0   0   0   0   0   0   0   0   0   0  0.65 0.00
   13 P    -1  -2  -2  -2  -3  -1  -1  -2  -2  -3  -3  -1  -3  -4   8   0  -1  -4  -3  -3    0   0   0   0   0   0   0   0   0   0   0   0   0   0  93   7   0   0   0   0  1.87 0.01
   14 G     0  -3  -1  -1  -3  -2  -2   6  -2  -4  -4  -2  -3  -3  -2   0  -2  -3  -3  -4    0   0   0   0   0   0   0 100   0   0   0   0   0   0   0   0   0   0   0   0  1.06 0.01
   15 C    -1  -4  -3  -4  10  -3  -4  -3  -3  -1  -1  -3  -2  -3  -3  -1  -1  -3  -3  -1    0   0   0   0 100   0   0   0   0   0   0   0   0   0   0   0   0   0   0   0  1.26 0.01
   16 C    -1  -4  -3  -4  10  -3  -4  -3  -3  -1  -1  -3  -2  -3  -3  -1  -1  -3  -3  -1    0   0   0   0 100   0   0   0   0   0   0   0   0   0   0   0   0   0   0   0  1.26 0.01
   17 I    -1  -3  -4  -3  -1  -3  -3  -4  -4   4   2  -3   1   0  -3  -3  -1  -3  -1   3    0   0   0   0   0   0   0   0   0  93   0   0   0   0   0   0   0   0   0   7  0.39 0.01
   18 A     4  -2  -2  -2  -1  -1  -1   0  -2  -1  -1  -1  -1  -2  -1   1   0  -3  -2   0   93   0   0   0   0   0   0   0   0   0   0   0   0   0   0   0   0   0   0   7  0.36 0.00
   19 V     0  -3  -3  -4  -1  -2  -3  -4  -3   3   1  -3   1  -1  -3  -2   0  -3  -1   4    0   0   0   0   0   0   0   0   0   0   0   0   0   0   0   0   0   0   0 100  0.36 0.01
   20 H    -2   0   0  -1  -3   0   0  -2   8  -4  -3  -1  -2  -2   1  -1  -2  -3   2  -3    0   0   0   0   0   0   0   0  93   0   0   0   0   0   7   0   0   0   0   0  0.83 0.01
   21 C    -1  -4  -3  -4  10  -3  -4  -3  -3  -1  -1  -3  -2  -3  -3  -1  -1  -3  -3  -1    0   0   0   0 100   0   0   0   0   0   0   0   0   0   0   0   0   0   0   0  1.26 0.01
   22 V     0  -3  -3  -4  -1  -2  -3  -4  -3   3   1  -3   1  -1  -3  -2   0  -3  -1   4    0   0   0   0   0   0   0   0   0   0   0   0   0   0   0   0   0   0   0 100  0.36 0.01
   23 A     4  -2  -2  -2   0  -1  -1   0  -2  -1  -2  -1  -1  -2  -1   1   0  -3  -2   0  100   0   0   0   0   0   0   0   0   0   0   0   0   0   0   0   0   0   0   0  0.42 0.01
   24 G     0  -3  -1  -1  -3  -2  -2   6  -2  -4  -4  -2  -3  -3  -2   0  -2  -3  -3  -4    0   0   0   0   0   0   0 100   0   0   0   0   0   0   0   0   0   0   0   0  1.06 0.01
   25 L    -2  -2  -4  -4  -1  -2  -3  -4  -3   2   4  -3   2   0  -3  -3  -1  -2  -1   1    0   0   0   0   0   0   0   0   0   0 100   0   0   0   0   0   0   0   0   0  0.47 0.00
   26 G     0  -2   0  -1  -3  -1  -1   6  -2  -4  -4  -1  -3  -3  -2   0  -2  -3  -3  -3    0   0   0   0   0   0   7  93   0   0   0   0   0   0   0   0   0   0   0   0  0.93 0.00
   27 R    -2   6  -1  -2  -4   1   0  -3   0  -3  -2   3  -2  -3  -2  -1  -1  -3  -2  -3    0  94   0   0   0   0   0   0   0   0   0   6   0   0   0   0   0   0   0   0  0.73 0.01
   28 A     4  -2  -1  -2  -1  -1  -1   1  -2  -1  -2  -1  -1  -2  -1   1   2  -3  -2   0   75   0   0   0   0   0   0   7   0   0   0   0   0   0   0   0  18   0   0   0  0.33 0.00
   29 P    -1  -2  -2  -2  -3  -1  -1  -2  -2  -3  -3  -1  -3  -4   8  -1  -1  -4  -3  -3    0   0   0   0   0   0   0   0   0   0   0   0   0   0 100   0   0   0   0   0  2.06 0.01
   30 V     0  -3  -3  -3  -1  -2  -3  -1  -3   3   1  -2   1  -1  -3  -2   0  -3  -1   4    0   0   0   0   0   0   0   7   0   0   0   0   0   0   0   0   0   0   0  93  0.29 0.00
   31 L    -2  -2  -4  -4  -1  -2  -3  -4  -3   2   4  -3   2   0  -3  -3  -1  -2  -1   1    0   0   0   0   0   0   0   0   0   0 100   0   0   0   0   0   0   0   0   0  0.47 0.00
   32 V     0  -3  -3  -4  -1  -2  -3  -4  -3   3   1  -3   1  -1  -3  -2   0  -3  -1   4    0   0   0   0   0   0   0   0   0   0   0   0   0   0   0   0   0   0   0 100  0.36 0.01
   33 A     4  -2  -2  -2   0  -1  -1   0  -2  -1  -2  -1  -1  -2  -1   1   0  -3  -2   0  100   0   0   0   0   0   0   0   0   0   0   0   0   0   0   0   0   0   0   0  0.42 0.01
   34 L    -2  -2  -4  -4  -1  -2  -3  -4  -3   2   4  -3   2   0  -3  -3  -1  -2  -1   1    0   0   0   0   0   0   0   0   0   0 100   0   0   0   0   0   0   0   0   0  0.47 0.00
   35 A     4  -2  -2  -2   0  -1  -1   0  -2  -1  -2  -1  -1  -2  -1   1   0  -3  -2   0  100   0   0   0   0   0   0   0   0   0   0   0   0   0   0   0   0   0   0   0  0.42 0.01
   36 L    -2  -2  -4  -4  -1  -2  -3  -4  -3   2   4  -3   2   0  -3  -3  -1  -2  -1   1    0   0   0   0   0   0   0   0   0   0 100   0   0   0   0   0   0   0   0   0  0.47 0.00
   37 I    -1  -3  -4  -4  -1  -3  -3  -4  -3   4   2  -3   2   0  -3  -3  -1  -3  -1   3    0   0   0   0   0   0   0   0   0  88   6   0   6   0   0   0   0   0   0   0  0.37 0.00
   38 E    -1   0   0   2  -4   2   6  -2   0  -4  -3   1  -2  -4  -1   0  -1  -3  -2  -3    0   0   0   0   0   0 100   0   0   0   0   0   0   0   0   0   0   0   0   0  0.75 0.01
   39 G     0  -2   0  -1  -3  -2  -2   6  -2  -4  -4  -1  -3  -3  -2   1  -1  -3  -3  -3    0   0   0   0   0   0   0  88   0   0   0   0   0   0   0  12   0   0   0   0  0.88 0.00
   40 G     0  -3  -1  -1  -3  -2  -2   6  -2  -4  -4  -2  -3  -3  -2   0  -2  -3  -3  -4    0   0   0   0   0   0   0 100   0   0   0   0   0   0   0   0   0   0   0   0  1.05 0.00
   41 M    -1  -1  -2  -3  -1   0  -2  -3  -2   1   2  -1   5   0  -3  -1  -1  -1  -1   1    0   0   0   0   0   0   0   0   0   0   0   0   0   0   0   0   0   0   0   0  0.00     0.00