Last position-specific scoring matrix computed, weighted observed percentages rounded down, information per position, and relative weight of gapless real matches to pseudocounts
            A   R   N   D   C   Q   E   G   H   I   L   K   M   F   P   S   T   W   Y   V   A   R   N   D   C   Q   E   G   H   I   L   K   M   F   P   S   T   W   Y   V
    1 A     4  -1  -2  -2   0  -1  -1   0  -2  -1  -1  -1  -1  -2  -1   1   0  -3  -2   0    0   0   0   0   0   0   0   0   0   0   0   0   0   0   0   0   0   0   0   0  0.00     0.00
    2 T     0  -1   0  -1  -1  -1  -1  -2  -2  -1  -1  -1  -1  -2  -1   1   5  -2  -2   0    0   0   0   0   0   0   0   0   0   0   0   0   0   0   0   0   0   0   0   0  0.00     0.00
    3 V    -1  -3  -3  -4  -1  -2  -3  -4  -3   2   3  -3   2   0  -3  -2  -1  -2  -1   3    0   0   0   0   0   0   0   0   0   0  50   0   0   0   0   0   0   0   0  50  0.32 0.00
    4 V    -1  -3  -3  -3  -1  -3  -3  -4  -4   4   1  -3   1  -1  -3  -2   0  -3  -1   4    0   0   0   0   0   0   0   0   0  50   0   0   0   0   0   0   0   0   0  50  0.35 0.00
    5 Y    -2  -2  -3  -4  -3  -2  -3  -3   1  -1   0  -3  -1   5  -4  -2  -2   2   6  -1    0   0   0   0   0   0   0   0   0   0   0   0   0  50   0   0   0   0  50   0  0.69 0.00
    6 L    -2  -2   0   4  -2  -1   0  -2  -2   0   2  -2   0  -1  -2  -1  -1  -3  -2  -1    0   0   0  50   0   0   0   0   0   0  50   0   0   0   0   0   0   0   0   0  0.31 0.00
    7 R    -2   6  -1  -2  -4   1   0  -3   0  -3  -2   2  -2  -3  -2  -1  -1  -3  -2  -3    0 100   0   0   0   0   0   0   0   0   0   0   0   0   0   0   0   0   0   0  0.75 0.00
    8 K     0   1   0  -1  -3   0   0   4  -1  -3  -3   3  -2  -3  -2   0  -1  -3  -3  -3    0   0   0   0   0   0   0  50   0   0   0  50   0   0   0   0   0   0   0   0  0.49 0.00
    9 E    -1  -1   1   5  -4   1   4  -2  -1  -3  -4   0  -3  -4  -1   0  -1  -4  -3  -3    0   0   0  50   0   0  50   0   0   0   0   0   0   0   0   0   0   0   0   0  0.69 0.00
   10 N    -1  -1   4   0  -3  -1  -1  -1  -1  -3  -3  -1  -3  -4   6   0  -1  -4  -3  -3    0   0  50   0   0   0   0   0   0   0   0   0   0   0  50   0   0   0   0   0  0.98 0.00
   11 C     0  -4  -3  -4  10  -3  -4  -3  -3  -1  -1  -3  -2  -3  -3  -1  -1  -3  -3  -1    0   0   0   0 100   0   0   0   0   0   0   0   0   0   0   0   0   0   0   0  1.22 0.01
   12 M     0  -1  -1  -1  -1   0  -1  -1  -1   1   1  -1   4   0  -1  -1   0  -1  -1   0    4   3   2   3   1   2   3   4   1   3   5   3  51   2   3   4   3   1   2   3  0.08 0.00
   13 Y    -1  -1  -1  -1  -1  -1  -1  -1   1  -1  -1  -1  -1   2  -1  -1  -1   1   5  -1    4   3   2   3   1   2   3   4   1   3   5   3   1   2   3   4   3   1  52   3  0.26 0.00
   14 Q    -1   1   0   0  -3   6   2  -2   0  -3  -2   1   0  -4  -1   0  -1  -2  -2  -2    0   0   0   0   0 100   0   0   0   0   0   0   0   0   0   0   0   0   0   0  0.66 0.01
   15 A     4  -2  -2  -2   0  -1  -1   0  -2  -1  -2  -1  -1  -2  -1   1   0  -3  -2   0  100   0   0   0   0   0   0   0   0   0   0   0   0   0   0   0   0   0   0   0  0.41 0.00
   16 C     0  -4  -3  -4  10  -3  -4  -3  -3  -1  -1  -3  -2  -3  -3  -1  -1  -3  -3  -1    0   0   0   0 100   0   0   0   0   0   0   0   0   0   0   0   0   0   0   0  1.22 0.01
   17 P     0  -2   0  -1  -2  -1  -1  -1  -2  -3  -3  -1  -2  -3   6   3   0  -4  -2  -2    0   0   0   0   0   0   0   0   0   0   0   0   0   0  50  50   0   0   0   0  0.91 0.00
   18 T    -1  -2  -1  -2  -1  -1  -2  -3  -2   1   3  -2   1  -1  -2   0   3  -2  -1   0    0   0   0   0   0   0   0   0   0   0  50   0   0   0   0   0  50   0   0   0  0.25 0.00
   19 Q    -1   4   0  -1  -3   4   1  -2   0  -3  -2   2  -1  -3  -2   0  -1  -3  -2  -3    0  50   0   0   0  50   0   0   0   0   0   0   0   0   0   0   0   0   0   0  0.57 0.00
   20 D    -1  -2   0   4  -2  -1   0  -2  -2   1  -1  -2  -1  -2  -2  -1  -1  -4  -2   2    0   0   0  50   0   0   0   0   0   0   0   0   0   0   0   0   0   0   0  50  0.29 0.00
   21 C     0  -4  -3  -4  10  -3  -4  -3  -3  -1  -1  -3  -2  -3  -3  -1  -1  -3  -3  -1    0   0   0   0 100   0   0   0   0   0   0   0   0   0   0   0   0   0   0   0  1.22 0.01
   22 N    -2   4   4   0  -3   1   0  -1   0  -3  -3   1  -2  -3  -2   0  -1  -3  -2  -3    0  50  50   0   0   0   0   0   0   0   0   0   0   0   0   0   0   0   0   0  0.52 0.00
   23 K    -1   1   0   1  -4   2   4  -2   0  -3  -3   4  -2  -3  -1   0  -1  -3  -2  -3    0   0   0   0   0   0  50   0   0   0   0  50   0   0   0   0   0   0   0   0  0.50 0.00
   24 K    -1   1  -1  -2   7   0  -1  -2  -2  -2  -2   3  -2  -3  -2  -1  -1  -3  -2  -2    0   0   0   0  50   0   0   0   0   0   0  50   0   0   0   0   0   0   0   0  0.53 0.00
   25 V    -1   4  -2  -3  -2   0  -1  -3  -1   1   0   1   0  -2  -2  -1  -1  -3  -2   2    0  50   0   0   0   0   0   0   0   0   0   0   0   0   0   0   0   0   0  50  0.26 0.00
   26 I    -1  -3  -3  -3  -1  -3  -3  -4  -4   4   1  -3   1  -1  -3  -2   0  -3  -1   4    0   0   0   0   0   0   0   0   0  50   0   0   0   0   0   0   0   0   0  50  0.35 0.00
   27 D     3  -2   0   4  -2  -1   1  -1  -2  -2  -3  -1  -2  -3  -1   1  -1  -4  -3  -1   50   0   0  50   0   0   0   0   0   0   0   0   0   0   0   0   0   0   0   0  0.41 0.00
   28 Q     0   0   0  -1  -3   4   1   4  -1  -4  -3   0  -1  -3  -2   0  -1  -2  -2  -3    0   0   0   0   0  50   0  50   0   0   0   0   0   0   0   0   0   0   0   0  0.54 0.00
   29 Q    -1   0  -1  -1  -3   4   1  -2  -1  -3  -3   0  -1  -4   6   0  -1  -3  -2  -3    0   0   0   0   0  50   0   0   0   0   0   0   0   0  50   0   0   0   0   0  0.97 0.00
   30 N    -2  -1   6   1  -3   0   0   0   1  -4  -4   0  -2  -3  -2   1   0  -4  -2  -3    0   0 100   0   0   0   0   0   0   0   0   0   0   0   0   0   0   0   0   0  0.73 0.01
   31 G     0  -3   0  -1  -3  -2  -2   6  -2  -4  -4  -2  -3  -3  -2   0  -2  -3  -3  -3    0   0   0   0   0   0   0 100   0   0   0   0   0   0   0   0   0   0   0   0  1.04 0.00
   32 L     0  -2  -1  -2  -1  -1  -1  -2  -2   0   2  -1   1  -1  -2   2   0  -2  -2   0    0   0   0   0   0   0   0   0   0   0  50   0   0   0   0  50   0   0   0   0  0.18 0.00
   33 Y    -2  -2  -3  -4  -3  -2  -3  -3   0  -2  -1  -3  -1   2  -4  -2  -2  10   6  -2    0   0   0   0   0   0   0   0   0   0   0   0   0   0   0   0   0  50  50   0  1.31 0.01
   34 R    -1   5   0  -1  -4   1   0  -2  -1  -3  -3   4  -2  -3  -2  -1  -1  -3  -2  -3    0  50   0   0   0   0   0   0   0   0   0  50   0   0   0   0   0   0   0   0  0.56 0.00
   35 C     0  -4  -3  -4  10  -3  -4  -3  -3  -1  -1  -3  -2  -3  -3  -1  -1  -3  -3  -1    0   0   0   0 100   0   0   0   0   0   0   0   0   0   0   0   0   0   0   0  1.22 0.01
   36 E     0  -1   0   1  -2   1   4  -2  -1  -2  -2   0  -1  -3  -1   1   3  -3  -2  -1    0   0   0   0   0   0  50   0   0   0   0   0   0   0   0   0  50   0   0   0  0.40 0.00
   37 K    -1   1  -1  -2  -2   0   0  -2  -2   1   0   3   0  -2  -2  -1   0  -3  -2   2    0   0   0   0   0   0   0   0   0   0   0  50   0   0   0   0   0   0   0  50  0.17 0.00
   38 C     0  -4  -3  -4  10  -3  -4  -3  -3  -1  -1  -3  -2  -3  -3  -1  -1  -3  -3  -1    0   0   0   0 100   0   0   0   0   0   0   0   0   0   0   0   0   0   0   0  1.22 0.01
   39 D    -2  -2   1   6  -4   0   2  -1  -1  -3  -4  -1  -3  -4  -2   0  -1  -5  -3  -3    0   0   0 100   0   0   0   0   0   0   0   0   0   0   0   0   0   0   0   0  0.93 0.00
   40 T     0  -1   0  -1  -1  -1  -1  -2  -2  -1  -1  -1  -1  -2  -1   1   5  -2  -2   0    0   0   0   0   0   0   0   0   0   0   0   0   0   0   0   0   0   0   0   0  0.00     0.00
   41 E    -1   0   0   2  -4   2   5  -2   0  -3  -3   1  -2  -3  -1   0  -1  -3  -2  -2    0   0   0   0   0   0   0   0   0   0   0   0   0   0   0   0   0   0   0   0  0.00     0.00