
Last position-specific scoring matrix computed, weighted observed percentages rounded down, information per position, and relative weight of gapless real matches to pseudocounts
            A   R   N   D   C   Q   E   G   H   I   L   K   M   F   P   S   T   W   Y   V   A   R   N   D   C   Q   E   G   H   I   L   K   M   F   P   S   T   W   Y   V
    1 T     0  -1   0  -1  -1  -1  -1  -2  -2  -1  -1  -1  -1  -2  -1   1   5  -2  -2   0    0   0   0   0   0   0   0   0   0   0   0   0   0   0   0   0   0   0   0   0  0.00     0.00
    2 Q    -1   1   0   0  -3   5   2  -2   0  -3  -2   1   0  -3  -1   0  -1  -2  -1  -2    0   0   0   0   0   0   0   0   0   0   0   0   0   0   0   0   0   0   0   0  0.00     0.00
    3 D    -2  -2   1   7  -4   0   2  -1  -1  -4  -4  -1  -3  -4  -2   0  -1  -5  -3  -4    0   0   0 100   0   0   0   0   0   0   0   0   0   0   0   0   0   0   0   0  0.93 0.00
    4 C     0  -4  -3  -4  10  -3  -4  -3  -3  -1  -1  -3  -2  -3  -3  -1  -1  -3  -3  -1    0   0   0   0 100   0   0   0   0   0   0   0   0   0   0   0   0   0   0   0  1.22 0.01
    5 N    -1  -1   5   0  -2   0  -1  -1   0  -2  -2   0  -1  -3  -2   1   3  -3  -2  -1    0   0  50   0   0   0   0   0   0   0   0   0   0   0   0   0  50   0   0   0  0.42 0.00
    6 K    -1   2   0  -1  -3   1   1  -2  -1  -3  -3   5  -2  -3  -1   0  -1  -3  -2  -3    0   0   0   0   0   0   0   0   0   0   0 100   0   0   0   0   0   0   0   0  0.53 0.01
    7 K    -1   2   0  -1  -4   1   1  -2  -1  -3  -3   5  -2  -4  -1   0  -1  -3  -2  -3    0   0   0   0   0   0   0   0   0   0   0 100   0   0   0   0   0   0   0   0  0.60 0.03
    8 V    -1  -2  -2  -3  -1  -2  -2  -3  -2   2   1  -2   3   3  -3  -1   2  -2   0   3    0   0   0   0   0   0   0   0   0   0   0   0  19  21   0   0  19   0   0  42  0.20 0.01
    9 I    -2   3  -2  -3  -2  -1  -2  -4  -2   3   1   0   3  -1  -3  -2  -1  -3  -2   1    0  28   0   0   0   0   0   0   0  48   0   0  24   0   0   0   0   0   0   0  0.24 0.03
   10 D    -2   0   1   4  -4   0   1  -2   5  -4  -3   2  -2  -3  -2  -1  -1  -4  -1  -3    0   0   0  40   0   0   0   0  32   0   0  28   0   0   0   0   0   0   0   0  0.51 0.03
   11 Q     1  -1  -1  -2  -2   3   0  -2  -1  -1  -1   0  -1   2  -2   1   1  -2   0   0   10   0   0   0   0  35   0   0   0   0   0   0   0  20   0  12  10   0   0  13  0.17 0.03
   12 Q    -1   1   0   0  -4   4   3   1  -1  -3  -3   3  -2  -4  -2   0  -1  -3  -2  -3    0   0   0   0   0  30  21  12   0   0   0  37   0   0   0   0   0   0   0   0  0.44 0.04
   13 N    -2   0   5   1  -4   1   2  -1   0  -4  -4   2  -2  -4  -2   0  -1  -4  -3  -3    0   0  56   0   0   0  21   0   0   0   0  23   0   0   0   0   0   0   0   0  0.57 0.05
   14 G    -1  -1   0  -2  -3  -1  -1   5   4  -4  -4   2  -3  -3  -2  -1  -2  -3  -2  -4    0   0   0   0   0   0   0  61  19   0   0  21   0   0   0   0   0   0   0   0  0.64 0.05
   15 L    -1  -2  -3  -2  -2  -1   0  -3  -2   2   2  -2   3  -1   4  -2  -1  -3  -2   1    0   0   0   0   0   0  12   0   0  23  28   0  16   0  21   0   0   0   0   0  0.32 0.03
   16 Y    -2  -2  -2  -3  -3  -2  -2   2   4  -3  -2  -2  -2   2  -3  -2  -2   1   7  -2    0   0   0   0   0   0   0  18  12   0   0   0   0   0   0   0   0   0  70   0  0.80 0.08
   17 R     1   3  -1  -1  -2   0   0  -2  -1  -3  -3   3  -2  -3   2   1   0  -3  -2  -2   16  29   0   0   0   0   0   0   0   0   0  26   0   0  12  18   0   0   0   0  0.38 0.04
   18 C    -1  -4  -4  -5  10  -4  -5  -3  -4  -2  -2  -4  -2  -3  -4  -2  -2  -3  -3  -2    0   0   0   0 100   0   0   0   0   0   0   0   0   0   0   0   0   0   0   0  1.84 0.12
   19 E    -1  -1   2   3  -3   3   3  -2  -1  -3  -3   0  -2  -4   2   0   1  -3  -3  -3    0   0  12  16   0  18  33   0   0   0   0   0   0   0   9   0  12   0   0   0  0.45 0.04
   20 K    -1   1  -1  -1  -3   2   2  -2  -1  -2   0   4  -1  -3  -2  -1  -1  -3  -2  -2    0   0   0   0   0  12  18   0   0   0  16  54   0   0   0   0   0   0   0   0  0.37 0.05
   21 C    -1  -4  -4  -5  10  -4  -5  -3  -4  -2  -2  -4  -2  -3  -4  -2  -2  -3  -3  -2    0   0   0   0 100   0   0   0   0   0   0   0   0   0   0   0   0   0   0   0  1.84 0.12
   22 D    -2   2   1   6  -4   0   1   1  -1  -4  -4   0  -3  -4  -2  -1  -2  -4  -3  -4    0  21   0  68   0   0   0  11   0   0   0   0   0   0   0   0   0   0   0   0  0.73 0.06
   23 T    -1   0  -2  -2  -2  -1  -1  -3  -2  -1   2   2   0  -2   3  -1   1  -3  -2  -1    0   0   0   0   0   0   0   0   0   0  33  31   0   0  18   0  18   0   0   0  0.28 0.04
   24 E     1   0  -1  -1  -2   3   1  -2  -1   1  -1   1  -1  -2  -2   2   0  -3  -2   0    8   0   0   0   0  21   8   0   0  16   0  12   0   0   0  29   0   0   0   7  0.17 0.03
   25 F    -2  -4  -4  -4   5  -4  -4  -4  -2  -1   0  -4  -1   7  -4  -3  -3   0   2  -1    0   0   0   0  18   0   0   0   0   0   0   0   0  82   0   0   0   0   0   0  0.92 0.08
   26 P    -1  -1   1  -1  -2  -1  -1  -2  -1  -1   0   1  -1  -1   5   1  -1  -2   2  -2    0   0  12   0   0   0   0   0   0   0  18  11   0   0  29  16   0   0  14   0  0.37 0.03
   27 N    -1   3   5   0  -3   2   0  -2   0  -3  -3   1  -2  -3  -2   0   2  -3  -2  -2    0  23  45   0   0  14   0   0   0   0   0   0   0   0   0   0  18   0   0   0  0.44 0.04
   28 F    -2  -4  -4  -4   6  -4  -4  -4  -2  -1   0  -4  -1   6  -4  -2  -2   0   2  -1    0   0   0   0  24   0   0   0   0   0   0   0   0  76   0   0   0   0   0   0  0.75 0.04
   29 K     0   1   0   0  -2   1   2  -1  -1  -3  -3   3  -2  -3  -1   3   0  -3  -2  -2    0   0   0   0   0   0  20   0   0   0   0  38   0   0   0  43   0   0   0   0  0.37 0.03
   30 Y    -2  -1  -2  -1  -3   0   2  -3   1  -2  -2  -1  -2   2  -3  -1  -2   1   7  -2    0   0   0   0   0   0  31   0   0   0   0   0   0   0   0   0   0   0  69   0  0.61 0.03
   31 R    -1   5   0  -1  -4   1   0  -2  -1  -3  -3   4  -2  -3  -2  -1  -1  -3  -2  -3    0  50   0   0   0   0   0   0   0   0   0  50   0   0   0   0   0   0   0   0  0.56 0.00
   32 M    -1  -2  -2  -3  -2  -1  -2  -3  -2   1   2  -2   6   0  -3  -2  -1  -2  -1   1    0   0   0   0   0   0   0   0   0   0   0   0 100   0   0   0   0   0   0   0  0.36 0.01
   33 I    -1  -3  -3  -3  -1  -3  -3  -4  -3   4   2  -3   1   0  -3  -2  -1  -3  -1   3    0   0   0   0   0   0   0   0   0   0   0   0   0   0   0   0   0   0   0   0  0.00     0.00
   34 L    -2  -2  -3  -4  -1  -2  -3  -4  -3   2   4  -3   2   0  -3  -3  -1  -2  -1   1    0   0   0   0   0   0   0   0   0   0   0   0   0   0   0   0   0   0   0   0  0.00     0.00
   35 S     1  -1   1   0  -1   0   0   0  -1  -2  -3   0  -2  -2  -1   4   1  -3  -2  -2    0   0   0   0   0   0   0   0   0   0   0   0   0   0   0   0   0   0   0   0  0.00     0.00
   36 V     0  -3  -3  -3  -1  -2  -3  -3  -3   3   1  -2   1  -1  -2  -2   0  -3  -1   4    0   0   0   0   0   0   0   0   0   0   0   0   0   0   0   0   0   0   0   0  0.00     0.00
   37 N    -2   0   6   1  -3   0   0   0   1  -3  -3   0  -2  -3  -2   1   0  -4  -2  -3    0   0   0   0   0   0   0   0   0   0   0   0   0   0   0   0   0   0   0   0  0.00     0.00
   38 I    -1  -3  -3  -3  -1  -3  -3  -4  -3   4   2  -3   1   0  -3  -2  -1  -3  -1   3    0   0   0   0   0   0   0   0   0   0   0   0   0   0   0   0   0   0   0   0  0.00     0.00
   39 A     4  -1  -2  -2   0  -1  -1   0  -2  -1  -2  -1  -1  -2  -1   1   0  -3  -2   0    0   0   0   0   0   0   0   0   0   0   0   0   0   0   0   0   0   0   0   0  0.00     0.00
   40 D    -2  -2   1   6  -4   0   2  -1  -1  -3  -4  -1  -3  -4  -2   0  -1  -4  -3  -3    0   0   0   0   0   0   0   0   0   0   0   0   0   0   0   0   0   0   0   0  0.00     0.00
   41 F    -2  -3  -3  -4  -2  -3  -3  -3  -1   0   0  -3   0   6  -4  -2  -2   1   3  -1    0   0   0   0   0   0   0   0   0   0   0   0   0   0   0   0   0   0   0   0  0.00     0.00