Last position-specific scoring matrix computed, weighted observed percentages rounded down, information per position, and relative weight of gapless real matches to pseudocounts
            A   R   N   D   C   Q   E   G   H   I   L   K   M   F   P   S   T   W   Y   V   A   R   N   D   C   Q   E   G   H   I   L   K   M   F   P   S   T   W   Y   V
    1 Y    -2  -2  -2  -3  -2  -1  -2  -3   2  -1  -1  -2  -1   3  -3  -2  -2   2   6  -1    0   0   0   0   0   0   0   0   0   0   0   0   0   0   0   0   0   0   0   0  0.00     0.00
    2 E    -1   0   0   1  -4   4   4  -2   0  -3  -3   1  -1  -3  -1   0  -1  -3  -2  -3    0   0   0   0   0  35  65   0   0   0   0   0   0   0   0   0   0   0   0   0  0.65 0.02
    3 D    -1  -2   1   5  -3   0   1  -1  -1  -3  -3  -1  -3  -3  -1   2   0  -4  -3  -3    0   0   0  73   0   0   0   0   0   0   0   0   0   0   0  27   0   0   0   0  0.70 0.03
    4 P    -1  -3  -2  -2  -3  -2  -2  -3  -3  -3  -3  -1  -3  -4   8  -1  -1  -4  -3  -3    0   0   0   0   0   0   0   0   0   0   0   0   0   0 100   0   0   0   0   0  2.20 0.09
    5 P    -1  -1  -2  -2  -2   2  -1  -3  -2   1   0  -1   3  -2   5  -1  -1  -3  -2   0    0   0   0   0   0  20   0   0   0  23   0   0  21   0  36   0   0   0   0   0  0.53 0.04
    6 D    -2   2   0   4  -3   0   2  -2  -1   1  -2   0  -1  -3  -2  -1  -1  -3  -2  -1    0  21   0  36   0   0  23   0   0  20   0   0   0   0   0   0   0   0   0   0  0.33 0.03
    7 Q    -1   0   0   3  -3   4   1  -2  -1  -3  -3   0  -2  -3   3   1   0  -3  -2  -3    0   0   0  21   0  38   0   0   0   0   0   0   0   0  20  21   0   0   0   0  0.52 0.04
    8 K     1   3   0  -1  -3   1   0  -2   4  -3  -2   3  -2  -3  -2   0  -1  -3  -1  -2   21  23   0   0   0   0   0   0  21   0   0  35   0   0   0   0   0   0   0   0  0.36 0.04
    9 T    -1  -2  -2  -2  -1  -2  -2  -3  -3   1   1  -2   0  -1   3   0   3  -3  -2   2    0   0   0   0   0   0   0   0   0   0  21   0   0   0  20   0  36   0   0  23  0.33 0.03
   10 S     1  -1   3  -1  -2  -1  -1  -1  -1  -1   1  -1   0   2  -2   1   0  -2   0  -1   19   0  34   0   0   0   0   0   0   0  18   0   0  16   0  12   0   0   0   0  0.18 0.04
   11 P     1  -2  -2  -1  -3  -1   2  -2  -2  -3  -3  -1  -2  -4   6  -1  -1  -4  -3  -2   18   0   0   0   0   0  19   0   0   0   0   0   0   0  63   0   0   0   0   0  1.22 0.08
   12 S     0  -1  -1  -2  -2  -1  -1   2  -2   1   1   1   0  -2  -2   1   1  -3  -2   0    0   0   0   0   0   0   0  19   0  16  18  16   0   0   0  12  18   0   0   0  0.11 0.03
   13 G    -1   2   2   2  -3  -1  -1   4  -1  -4  -4   0  -3  -3  -2   0  -1  -3  -3  -3    0  16  18  19   0   0   0  46   0   0   0   0   0   0   0   0   0   0   0   0  0.53 0.05
   14 K    -1   2  -1   0  -3   1   3  -2  -1  -1  -2   2  -1  -3  -2   1   0  -3  -2   1    0  18   0   0   0   0  35   0   0   0   0  12   0   0   0  16   0   0   0  19  0.26 0.04
   15 P    -1  -2  -2  -2  -2  -2  -2  -2  -2  -2   0  -1  -1  -3   6   1  -1  -3  -3  -2    0   0   0   0   0   0   0   0   0   0  19   0   0   0  63  18   0   0   0   0  1.13 0.08
   16 A     2  -1  -2  -2  -1  -1  -2  -2  -2   3   0   1   0  -1  -2  -1  -1  -3  -2   2   31   0   0   0   0   0   0   0   0  36   0  16   0   0   0   0   0   0   0  16  0.17 0.04
   17 T     1  -2  -2  -2  -1  -1  -2  -2  -2   0   1  -2   3   2  -2   1   1  -1   0   0   16   0   0   0   0   0   0   0   0   0  19   0  18  18   0  16  12   0   0   0  0.15 0.04
   18 L     0  -2  -2   2  -2  -2  -1  -2  -1   0   2  -2   0   3  -2  -1  -1  -1   3  -1   16   0   0  18   0   0   0   0   0   0  31   0   0  16   0   0   0   0  18   0  0.19 0.04
   19 K     2   0   0  -1  -2   0   0  -1  -1  -3  -3   2  -2  -3  -1   3   0  -3  -2  -2   18   0   0   0   0   0   0   0   0   0   0  29   0   0   0  53   0   0   0   0  0.37 0.06
   20 I    -1  -3  -3  -4  -1  -3  -3  -4  -3   3   2  -3   1  -1  -3  -2  -1  -3  -1   4    0   0   0   0   0   0   0   0   0  31  18   0   0   0   0   0   0   0   0  51  0.41 0.05
   21 C     1   1  -2  -3   8  -2  -3  -2  -3  -2  -2  -1  -2  -3  -3  -1  -1  -3  -3  -1   18  16   0   0  65   0   0   0   0   0   0   0   0   0   0   0   0   0   0   0  0.92 0.10
   22 S     0   0   0   0   4   2   2  -2  -1  -3  -2   2  -2  -3  -2   2   0  -3  -2  -2    0   0   0   0  18  19  18   0   0   0   0  16   0   0   0  28   0   0   0   0  0.36 0.05
   23 W     1  -3  -3  -4  -2  -2  -3   2  -3  -3  -2  -3  -2   0  -3  -2  -2  10   1  -3   16   0   0   0   0   0   0  16   0   0   0   0   0   0   0   0   0  67   0   0  1.66 0.12
   24 N    -1   2   3   0  -2  -1  -1   2  -1   0  -2   0  -1  -2  -2   1   0  -3  -2  -1    0  19  31   0   0   0   0  18   0  16   0   0   0   0   0  16   0   0   0   0  0.23 0.04
   25 V    -1  -3  -2  -3  -2  -2  -2   2  -3   1   0  -2   0  -2   3  -1  -1  -3  -2   3    0   0   0   0   0   0   0  18   0   0   0   0   0   0  19   0   0   0   0  62  0.38 0.06
   26 D    -1  -1   1   5  -3   2   1  -2  -1  -3  -3   0  -2  -4  -2   1  -1  -4  -3  -3    0   0   0  62   0  19   0   0   0   0   0   0   0   0   0  18   0   0   0   0  0.68 0.07
   27 G     1  -2  -1   2  -2  -1  -1   4  -2  -2  -1  -1   2  -2  -2   0  -1  -3  -3  -2   19   0   0  18   0   0   0  45   0   0   0   0  18   0   0   0   0   0   0   0  0.39 0.05
   28 L    -1   2  -2  -3  -2  -1  -2  -3  -2   2   2  -1   1  -1   3  -2  -1  -3  -2   1    0  18   0   0   0   0   0   0   0  16  31   0   0   0  18   0   0   0   0  16  0.27 0.03
   29 R     1   4  -1  -1  -2   0   1  -2  -1  -1   1   1  -1  -2  -2  -1  -1  -3  -2  -1   18  47   0   0   0   0  16   0   0   0  19   0   0   0   0   0   0   0   0   0  0.30 0.05
   30 A     0   2  -2  -2  -2  -1  -2  -2  -1  -1   1  -1   0   4  -2   1  -1  -1   1  -1   12  19   0   0   0   0   0   0   0   0  18   0   0  35   0  16   0   0   0   0  0.19 0.04
   31 W    -1  -2  -2  -2  -2  -1   1  -2  -2  -1  -2  -2  -1  -1  -3   1  -1   9   0   1    0   0   0   0   0   0  16   0   0   0   0   0   0   0   0  16   0  49   0  18  1.00 0.09
   32 I     1   1  -2  -3  -2  -1  -2  -2  -1   1   1  -1   0   0  -2  -1  -1  -1   2   1   18  16   0   0   0   0   0   0   0  12  18   0   0   0   0   0   0   0  16  19  0.13 0.03
   33 K    -1   3   0  -1  -3   1   0  -2  -1  -3  -3   5  -2  -3  -1  -1  -1  -3  -2  -3    0  23   0   0   0   0   0   0   0   0   0  77   0   0   0   0   0   0   0   0  0.62 0.05
   34 K    -1   1   0   0  -4   1   4  -2  -1  -3  -3   4  -2  -3  -1   0  -1  -3  -2  -3    0   0   0   0   0   0  42   0   0   0   0  58   0   0   0   0   0   0   0   0  0.56 0.04
   35 K    -1   1   0   2  -3   0   0  -2  -1  -1  -2   4  -1  -3  -2  -1  -1  -3  -2   1    0   0   0  19   0   0   0   0   0   0   0  58   0   0   0   0   0   0   0  23  0.28 0.04
   36 G     0  -3  -1  -2  -3  -2  -2   6  -2  -4  -4  -2  -3  -3  -2  -1  -2  -3  -3  -4    0   0   0   0   0   0   0 100   0   0   0   0   0   0   0   0   0   0   0   0  1.18 0.06
   37 L     0  -1   3  -1  -2  -1  -1  -1  -1  -1   2  -1   0  -1  -2   2   0  -3  -2  -1    0   0  23   0   0   0   0   0   0   0  36   0   0   0   0  42   0   0   0   0  0.20 0.03
   38 D     0  -2   0   4  -2  -1   0  -1  -2  -1  -2  -1  -1  -3  -2   2   0  -4  -2   1    0   0   0  48   0   0   0   0   0   0   0   0   0   0   0  28   0   0   0  24  0.33 0.02
   39 W    -3  -3  -4  -5  -3  -2  -3  -3  -3  -3  -2  -3  -2   1  -4  -3  -3  11   2  -3    0   0   0   0   0   0   0   0   0   0   0   0   0   0   0   0   0 100   0   0  2.45 0.04
   40 V    -1  -2  -3  -3  -1  -2  -3  -4  -3   2   3  -2   1   0  -3  -2  -1  -2  -1   3    0   0   0   0   0   0   0   0   0   0  50   0   0   0   0   0   0   0   0  50  0.32 0.00
   41 K    -1   2   0  -1  -3   4   1  -2   0  -3  -2   3  -1  -3  -1   0  -1  -3  -2  -2    0   0   0   0   0  50   0   0   0   0   0  50   0   0   0   0   0   0   0   0  0.49 0.00