
Last position-specific scoring matrix computed, weighted observed percentages rounded down, information per position, and relative weight of gapless real matches to pseudocounts
            A   R   N   D   C   Q   E   G   H   I   L   K   M   F   P   S   T   W   Y   V   A   R   N   D   C   Q   E   G   H   I   L   K   M   F   P   S   T   W   Y   V
    1 R    -1   5   0  -2  -3   1   0  -2   0  -3  -2   2  -1  -3  -2  -1  -1  -3  -2  -2    0   0   0   0   0   0   0   0   0   0   0   0   0   0   0   0   0   0   0   0  0.00     0.00
    2 A     4  -1  -2  -2   0  -1  -1   0  -2  -1  -2  -1  -1  -2  -1   1   0  -3  -2   0  100   0   0   0   0   0   0   0   0   0   0   0   0   0   0   0   0   0   0   0  0.40 0.00
    3 W    -3  -3  -4  -4  -2  -2  -3  -3  -2  -3  -2  -3  -1   1  -4  -3  -2  11   2  -3    0   0   0   0   0   0   0   0   0   0   0   0   0   0   0   0   0 100   0   0  2.31 0.01
    4 I    -1  -3  -3  -3   7  -3  -3  -3  -3   2   0  -3   0  -1  -3  -2  -1  -2  -2   1    0   0   0   0  50   0   0   0   0  50   0   0   0   0   0   0   0   0   0   0  0.54 0.00
    5 K    -1   2   0  -1  -3   4   1  -2   0  -3  -2   4  -1  -3  -1   0  -1  -3  -2  -2    0   0   0   0   0  36   0   0   0   0   0  64   0   0   0   0   0   0   0   0  0.49 0.01
    6 K     2   0  -1   0  -2   1   3  -1  -1  -2  -2   2  -1  -3  -1   0  -1  -3  -2  -1   36   0   0   0   0   0  34   0   0   0   0  30   0   0   0   0   0   0   0   0  0.31 0.01
    7 K    -1   4   3   0  -3   1   0  -1   0  -3  -3   3  -2  -3  -2   0  -1  -3  -2  -3    0  36  34   0   0   0   0   0   0   0   0  30   0   0   0   0   0   0   0   0  0.45 0.01
    8 G     0  -1   0   0  -3   0   2   5  -1  -4  -3  -1  -3  -3  -2   0  -1  -3  -3  -3    0   0   0   0   0   0  34  66   0   0   0   0   0   0   0   0   0   0   0   0  0.65 0.01
    9 L    -1  -2  -3  -3  -1  -2  -3  -3  -3   2   3  -2   3   0  -3  -2  -1  -2  -1   2    0   0   0   0   0   0   0   0   0   0  49   0  25   0   0   0   0   0   0  25  0.33 0.01
   10 D    -2  -1   3   4  -3   0   3  -1   0  -3  -3   0  -3  -3  -2   0  -1  -4  -3  -3    0   0  30  45   0   0  25   0   0   0   0   0   0   0   0   0   0   0   0   0  0.62 0.01
   11 W    -2   0  -2  -1  -3   0   2  -2  -1  -3  -2   2  -2  -1  -2  -1  -2   9   1  -3    0   0   0   0   0   0  25   0   0   0   0  25   0   0   0   0   0  49   0   0  1.00 0.03
   12 V     0  -2  -2  -2  -1  -1  -1  -2  -2   2   1  -1   0  -1  -1  -1   0  -2  -1   3    2   2   1   2   1   1   2   2   1   2   3   2   1   1   2   2   2   0   1  72  0.16 0.01
   13 K    -1   2   0   0  -2   1   1  -1  -1  -2  -2   4  -1  -2  -1   0   0  -2  -1  -2    2   2   1   2   1   1   2   2   1   2   3  72   1   1   2   2   2   0   1   2  0.30 0.01
   14 E    -1   0   0   1  -2   1   4  -1   0  -2  -2   1  -1  -2  -1   0  -1  -2  -1  -2    2   2   1   2   1   1  72   2   1   2   3   2   1   1   2   2   2   0   1   2  0.44 0.01
   15 E    -1   0   0   1  -2   1   4  -1   0  -2  -2   1  -1  -2  -1   0  -1  -2  -1  -2    2   2   1   2   1   1  72   2   1   2   3   2   1   1   2   2   2   0   1   2  0.44 0.01
   16 A     3  -1  -1  -1  -1  -1  -1   3  -1  -1  -1  -1  -1  -2  -1   1   0  -2  -1  -1   47   2   1   2   1   1   2  28   1   2   3   2   1   1   2   2   2   0   1   2  0.24 0.01
   17 P    -1  -1  -1  -1  -2  -1  -1  -1  -1  -1   0  -1   2  -1   5  -1  -1  -2  -1  -1    2   2   1   2   1   1   2   2   1   2   3   2  26   1  46   2   2   0   1   2  0.64 0.01
   18 D    -1   0   1   5  -2   0   1  -1  -1  -2  -2   2  -2  -2  -1   0  -1  -3  -2  -2    2   1   1  57   0   1   1   2   0   1   2  23   1   1   1   2   1   0   1   1  0.45 0.02
   19 I    -1  -1  -1  -1  -1   0   2  -2  -2   3   1  -1   0  -1  -1  -1  -1  -2  -1   1    2   1   1   1   0   1  23   2   0  57   2   1   1   1   1   2   1   0   1   1  0.13 0.02
   20 L    -1  -1  -2  -2  -1  -1  -2  -2  -2   1   2  -1   3   0  -2  -1  -1  -1  -1   2    2   1   1   1   0   1   1   2   0   1  37   1  22   1   1   2   1   0   1  22  0.18 0.01
   21 C     0  -1  -1  -1   6  -1  -1  -1  -2  -1  -1  -1  -1  -2  -1   0   3  -2  -2   0    2   1   1   1  34   1   1   2   0   1   2   1   1   1   1   2  45   0   1   1  0.39 0.02
   22 L     1  -1  -2  -2  -1  -1  -1  -1  -2   1   3  -1   1   0  -1  -1  -1  -1  -1   0   24   1   1   1   0   1   1   2   0   1  58   1   1   1   1   2   1   0   1   1  0.16 0.01
   23 Q    -1   3   0   2  -2   3   1  -1   0  -2  -2   1  -1  -2  -1   0  -1  -2  -1  -2    2  23   1  23   0  35   1   2   0   1   2   1   1   1   1   2   1   0   1   1  0.33 0.02
   24 E    -1   0   0   1  -4   3   5  -2   0  -3  -3   1  -2  -3  -1   0  -1  -3  -2  -3    0   0   0   0   0  22  78   0   0   0   0   0   0   0   0   0   0   0   0   0  0.72 0.04
   25 T     0   0  -1  -1  -2   0  -1  -2  -2  -2  -2   2  -1  -1  -2   2   3   6   0  -1    0   0   0   0   0   0   0   0   0   0   0  22   0   0   0  23  34  22   0   0  0.45 0.03
   26 K    -1   1  -1  -1  -3   1   0  -2  -1  -1   1   4   0  -2  -2  -1  -1  -3  -2  -1    0   0   0   0   0   0   0   0   0   0  23  77   0   0   0   0   0   0   0   0  0.35 0.04
   27 C     3  -2  -2  -3   6  -2  -2  -1  -3   0  -1  -2  -1  -2  -2   0   0  -3  -2   1   43   0   0   0  36   0   0   0   0   0   0   0   0   0   0   0   0   0   0  20  0.43 0.03
   28 S     0  -1  -1   0  -2   2   2  -2  -1   1  -1   0   0  -2  -1   1   2  -3  -2   0    0   0   0   0   0  23  22   0   0  22   0   0   0   0   0  14  20   0   0   0  0.20 0.02
   29 E     1   2  -1   0  -3   3   3  -2   0  -3  -2   1  -1  -3  -1   0  -1  -3  -2  -2   23  20   0   0   0  22  35   0   0   0   0   0   0   0   0   0   0   0   0   0  0.38 0.02
   30 N    -2   2   3   2  -3   0   0  -2  -1  -1   0   0  -1  -2  -2   0  -1  -3  -2  -2    0  23  35  20   0   0   0   0   0   0  22   0   0   0   0   0   0   0   0   0  0.27 0.02
   31 K    -1   1  -1  -1  -3   1   0  -2  -1  -1  -2   4  -1  -3  -1  -1  -1  -3  -2   1    0   0   0   0   0   0   0   0   0   0   0  80   0   0   0   0   0   0   0  20  0.37 0.04
   32 L    -2   2  -1   2  -2  -1  -1  -3  -2   0   3  -1   1  -1  -2  -2  -1  -2  -2   0    0  22   0  22   0   0   0   0   0   0  57   0   0   0   0   0   0   0   0   0  0.21 0.02
   33 P    -1   4  -1  -2  -2   0  -1  -2  -1  -1   1   1   0  -2   2  -1   1  -3  -2  -1    0  44   0   0   0   0   0   0   0   0  22   0   0   0  14   0  20   0   0   0  0.31 0.02
   34 A     3  -1  -1  -1  -1   0   2  -1  -1  -2  -2   0  -1  -3  -1   1   2  -3  -2  -1   58   0   0   0   0   0  20   0   0   0   0   0   0   0   0   0  22   0   0   0  0.30 0.03
   35 E    -1   0   0   3  -3   1   3  -2  -1  -3  -3   2  -2  -3   3   0  -1  -3  -2  -3    0   0   0  22   0   0  36   0   0   0   0  22   0   0  20   0   0   0   0   0  0.57 0.02
   36 L    -1  -2  -3  -4  -1  -2  -3  -4  -3   2   4  -3   2   0  -3  -2  -1  -2  -1   2    0   0   0   0   0   0   0   0   0   0  78   0   0   0   0   0   0   0   0  22  0.42 0.03
   37 Q     1  -1  -1   0  -2   2   2  -2  -1   0  -1   0  -1  -2  -1   0   0  -3  -2   1   25   0   0   0   0  20  28   0   0   0   0   0   0   0   0   0   0   0   0  27  0.20 0.01
   38 E    -1  -1  -1   1  -3   1   4  -3  -1   2  -1   0  -1  -2  -2  -1  -1  -3  -2   0    0   0   0   0   0   0  65   0   0  35   0   0   0   0   0   0   0   0   0   0  0.32 0.01
   39 L    -1  -2  -3  -4  -1  -2  -3  -4  -3   2   3  -2   2   0  -3  -2  -1  -2  -1   2    0   0   0   0   0   0   0   0   0   0  65   0   0   0   0   0   0   0   0  35  0.35 0.01
   40 P    -1  -1  -1   0  -3   1   3  -2  -1  -3  -3   0  -2  -3   6   0  -1  -3  -2  -2    0   0   0   0   0   0  50   0   0   0   0   0   0   0  50   0   0   0   0   0  1.01 0.00
   41 G     0  -2   0  -1  -3  -2  -2   6  -2  -4  -4  -2  -3  -3  -2   0  -2  -3  -3  -3    0   0   0   0   0   0   0 100   0   0   0   0   0   0   0   0   0   0   0   0  1.04 0.00