Last position-specific scoring matrix computed, weighted observed percentages rounded down, information per position, and relative weight of gapless real matches to pseudocounts
            A   R   N   D   C   Q   E   G   H   I   L   K   M   F   P   S   T   W   Y   V   A   R   N   D   C   Q   E   G   H   I   L   K   M   F   P   S   T   W   Y   V
    1 K    -1   2   0  -1  -4   2   2  -2  -1  -3  -3   5  -2  -4  -1   0  -1  -3  -2  -3    0   0   0   0   0   7   9   0   0   0   0  84   0   0   0   0   0   0   0   0  0.61 0.05
    2 G    -1  -3  -1  -2  -4  -3  -3   7  -3  -5  -5  -3  -4  -4  -3  -1  -3  -4  -4  -4    0   0   0   0   0   0   0 100   0   0   0   0   0   0   0   0   0   0   0   0  1.52 0.16
    3 L    -1  -3  -4  -5  -2  -3  -4  -4  -4   1   5  -3   2  -1  -4  -3  -2  -3  -2   1    4   0   0   0   0   0   0   0   0   3  86   0   2   0   0   0   0   0   0   6  0.73 0.14
    4 D    -2  -2   1   6  -4   1   3  -2  -1  -4  -4   0  -3  -4  -2  -1  -1  -5  -4  -4    0   0   5  58   0   7  26   2   0   0   0   2   0   0   0   0   1   0   0   0  0.90 0.14
    5 W    -4  -4  -5  -6  -4  -4  -4  -4  -3  -2  -3  -4  -3   2  -5  -4  -4  11   5  -4    0   0   0   0   0   0   0   0   0   2   0   0   0   8   0   0   0  71  19   0  2.52 0.30
    6 V    -2  -3  -4  -4  -2  -3  -4  -4  -4   4   2  -3   0   0  -3  -3   0  -3  -2   4    0   0   0   0   0   0   0   0   0  26  20   0   0   3   0   0   4   0   0  48  0.55 0.14
    7 K    -2   3   1  -1  -2   3   1  -3  -1  -4  -3   4  -2  -4  -1  -1  -1  -4  -3  -3    0  20   5   0   1  14   8   0   0   0   1  44   0   0   2   2   3   0   0   0  0.57 0.14
    8 E    -1   0  -1   1  -4   1   4  -2   4  -3  -3   2  -2  -1  -2  -1  -1  -2   3  -3    2   0   0   5   0   6  36   1  12   0   2  19   0   1   0   1   3   0  13   0  0.44 0.12
    9 E    -1  -1  -2   0  -5   1   6  -2  -2  -5  -4   2  -3  -5  -2  -1  -2  -4  -3  -4    3   0   0   1   0   0  79   2   0   0   0  15   0   0   0   0   0   0   0   0  1.08 0.23
   10 A     2   0   1   2  -2   0   0   1  -2  -3  -3   2  -2  -3  -2   1  -1  -3  -3  -2   25   2   5  15   0   3   2  12   0   0   1  22   0   0   0  11   1   0   0   0  0.26 0.08
   11 P    -2  -3  -3  -3  -4  -2  -2  -3  -3  -4  -4  -2  -4  -5   8   1  -2  -5  -4  -4    0   0   0   0   0   0   0   0   0   0   0   0   0   0  84  12   0   0   0   0  2.06 0.26
   12 D    -3  -3   1   7  -5  -2   1  -3   0  -5  -5  -2  -5  -5  -3  -2  -3  -6  -4  -5    0   0   2  93   0   0   3   0   2   0   0   0   0   0   0   0   0   0   0   0  1.63 0.27
   13 I    -2  -4  -4  -4  -2  -4  -4  -5  -4   5   0  -4   1  -1  -4  -3  -2   5  -2   4    0   0   0   0   0   0   0   0   0  56   0   0   2   0   0   0   0  11   0  32  0.82 0.18
   14 L    -2  -3  -3  -4  -2  -3  -3  -4  -3   1   5  -3   2   1  -3  -3  -2  -2  -1   0    1   1   0   1   0   0   1   1   0   3  76   1   4   6   1   1   1   0   0   3  0.61 0.14
   15 C    -2  -4  -4  -4  11  -4  -4  -3  -4  -3  -3  -4  -3  -3  -4  -2  -2  -3  -3  -2    1   1   0   1  90   0   1   1   0   1   1   1   0   0   1   1   1   0   0   1  2.27 0.29
   16 L    -2  -3  -4  -4  -2  -3  -3  -4  -3   1   5  -3   2  -1  -3  -3  -2  -2  -2   1    1   1   0   1   0   0   1   1   0   2  80   1   4   0   1   1   1   0   0   6  0.67 0.15
   17 Q    -2   0  -1  -2  -4   8   0  -3  -1  -4  -3   0  -2  -4  -2  -1  -2  -3  -3  -3    1   1   0   1   0  90   1   1   0   1   1   1   0   0   1   1   1   0   0   1  1.38 0.26
   18 E    -2  -1  -1   0  -4   1   7  -3  -1  -4  -4   0  -3  -4  -2  -1  -2  -4  -3  -3    1   1   0   1   0   0  90   1   0   1   1   1   0   0   1   1   1   0   0   1  1.22 0.23
   19 T    -1  -3   2  -2  -2  -2  -2  -3  -3   0  -2  -2  -2  -3  -3   0   6  -4  -3   0    0   0  11   0   0   0   0   0   0   7   0   0   0   0   0   0  77   0   0   6  0.85 0.22
   20 K    -2   1  -2  -2  -5   0  -1  -3  -2  -4  -4   7  -3  -5  -3  -2  -2  -5  -3  -4    0   3   0   0   0   0   0   0   0   0   0  97   0   0   0   0   0   0   0   0  1.34 0.27
   21 C     1  -5  -4  -5  10  -4  -5  -4  -4  -3  -3  -4  -3  -3  -4  -2  -2  -4   0  -2   11   0   0   0  85   0   0   0   0   0   0   0   0   0   0   0   0   0   4   0  2.15 0.31
   22 S     3  -2   0  -2  -2   1  -1   1   0  -3  -3  -1  -2  -3  -1   4   1  -4  -3  -2   31   0   2   0   0   7   1   8   3   0   0   0   0   0   1  43   4   0   0   0  0.44 0.14
   23 E     0   0  -1   1  -4   2   5  -1  -1  -3  -3   0  -3  -4   1  -1  -1  -4  -3  -2    8   2   0   3   0   7  61   3   0   0   1   4   0   0   8   0   1   0   0   3  0.66 0.16
   24 N    -1   0   3   2  -3   1   2  -1  -1  -4  -4   3  -3  -4  -1   0  -1  -4  -3  -3    4   2  24  15   0   3  12   3   0   0   0  27   0   0   2   7   2   0   0   0  0.41 0.10
   25 K     1   0  -1   0  -3   3   0  -2  -1  -3  -2   4  -2  -4  -2   1   0  -4  -3  -2   15   0   0   4   0  21   0   0   1   0   5  42   0   0   0   9   3   0   0   0  0.42 0.14
   26 L    -2  -3  -4  -5  -2  -3  -4  -5  -4   2   5  -2   1  -1  -4  -3  -2  -3  -2   2    0   0   0   0   0   0   0   0   0   7  80   2   0   0   0   0   0   0   0  11  0.76 0.17
   27 P    -2  -4  -4  -3  -5  -3  -1  -4  -4  -4  -5  -3  -4  -5   8  -2  -1  -5  -5  -4    0   0   0   0   0   0   3   0   0   0   0   0   0   0  95   0   2   0   0   0  2.48 0.31
   28 A     3  -2  -1   0   0   0   1  -1  -2  -2  -2   0  -2  -3   3   1  -1  -3  -2   0   37   0   2   6   2   3  11   2   0   0   2   4   0   0  18   6   1   0   1   6  0.32 0.09
   29 E    -1  -2  -1   2  -5   1   6  -3  -2  -5  -4   0  -3  -5  -2  -1  -2  -4  -4  -4    3   0   0  11   0   1  82   0   0   0   0   1   0   0   0   1   0   0   0   0  1.15 0.23
   30 L    -1  -3  -4  -4  -2  -3  -4  -4  -4   4   3  -3   1  -1  -4  -3  -1  -3  -2   3    4   0   0   0   0   0   0   0   0  37  36   0   1   0   0   0   0   0   0  23  0.55 0.13
   31 Q     0   3  -1  -2  -1   4   0  -2  -1  -2  -2   3  -1  -3  -2   0   1  -3  -2  -1    5  22   0   0   1  26   2   0   0   0   3  19   0   0   0   4  14   0   0   4  0.39 0.11
   32 E     0  -1   3   3  -3   1   3  -1   1  -4  -4   0  -3  -4  -2   1  -1  -4  -3  -3    6   0  15  19   0   7  32   4   3   0   0   3   0   0   0  10   0   0   0   1  0.46 0.11
   33 L    -2  -3  -4  -4  -2  -3  -4  -4  -4   3   4  -3   4   0  -1  -3  -2  -3  -2   1    0   0   0   0   0   0   0   0   0  18  50   0  19   2   4   0   0   0   0   8  0.56 0.14
   34 P     0  -2  -2  -1  -4   0  -1  -3  -3  -4  -4   0  -3  -5   7   0  -1  -5  -4  -3    9   2   0   3   0   3   2   0   0   0   0   5   0   0  67   7   3   0   0   0  1.44 0.21
   35 G    -1  -1  -1   1  -4  -1   3   5  -1  -4  -3  -1  -3  -4  -3  -1  -2  -4  -4  -3    1   2   0   6   0   1  23  58   2   0   2   3   0   0   0   1   0   0   0   1  0.76 0.16
   36 L    -3  -3  -4  -5  -3  -3  -4  -5  -1   1   2  -3  -1   2  -4  -3  -3   3   7  -1    0   0   0   0   0   0   0   0   0   9  26   0   0   5   0   0   0   4  56   0  0.96 0.21
   37 S    -1  -2  -2  -2  -2  -1  -1  -2  -2  -2  -2  -1  -2  -2   7   1   0  -3  -2  -2    2   1   1   1   1   1   2   2   1   1   2   1   1   2  61  13   4   0   1   2  1.15 0.13
   38 H    -3  -2   0  -3  -5  -1  -2  -4  10  -5  -5  -2  -3  -3  -4  -3  -3  -4   2  -5    0   0   2   0   0   0   0   0  95   0   0   0   0   0   0   0   0   0   3   0  2.22 0.34
   39 Q     1   1  -1  -2  -3   5   0  -2  -1  -3  -2   3  -2  -4   0   0  -1  -4  -3  -3   13   2   0   0   0  44   0   0   0   0   3  30   0   0   5   2   3   0   0   0  0.59 0.17
   40 Y    -3  -3  -4  -5  -4  -3  -4  -5   1  -3  -2  -4  -2   4  -5  -3  -3   1   8  -3    0   0   0   0   0   0   0   0   2   0   0   0   0  19   0   0   0   0  78   0  1.63 0.27
   41 W    -2  -3  -4  -4  -2  -2  -3  -2  -2  -3  -2  -3  -1   1  -4  -3  -2  10   2  -3    0   0   0   0   0   0   0   0   0   0   0   0   0   0   0   0   0   0   0   0  0.00     0.00
