Last position-specific scoring matrix computed, weighted observed percentages rounded down, information per position, and relative weight of gapless real matches to pseudocounts
            A   R   N   D   C   Q   E   G   H   I   L   K   M   F   P   S   T   W   Y   V   A   R   N   D   C   Q   E   G   H   I   L   K   M   F   P   S   T   W   Y   V
    1 Y    -3  -3  -4  -5  -4  -3  -4  -5   0  -2  -2  -3  -2   5  -5  -3  -3   1   8  -2    0   0   0   0   0   0   0   0   0   0   0   0   0  20   0   0   0   0  80   0  1.58 0.23
    2 W    -4  -2  -5  -6  -4  -4  -5  -4  -4  -4  -3  -4  -3  -1  -6  -5  -4  12   1  -5    0   3   0   0   0   0   0   0   0   0   0   0   0   0   0   0   0  97   0   0  3.52 0.35
    3 S     3  -2   3  -1   1  -1  -1   0  -1  -3  -2  -1  -2  -3  -2   3   0  -3  -2  -2   36   0  23   0   3   2   0   2   0   0   3   0   0   0   0  29   0   0   1   0  0.38 0.11
    4 A     2  -2  -1  -2   4  -2  -2   0  -2  -2  -2  -2  -2  -1  -2   3   0  -2   1   0   26   0   2   0  15   0   0   7   0   0   1   0   0   1   0  31   2   0   8   7  0.31 0.09
    5 P     1  -2  -1  -1   0  -1  -1  -1  -2  -2  -2  -1   0  -2   5   3   0  -3  -2  -2   16   1   1   1   2   1   1   1   0   1   2   1   3   1  30  35   1   0   1   1  0.55 0.09
    6 S     1   0   1   2  -2   1   2   1  -1  -2  -2   1  -2  -3  -2   1   0  -3  -2  -1   18   3   4  11   0   5  15   8   1   0   3   7   0   0   0  17   6   0   0   3  0.19 0.04
    7 D    -2  -2   0   5  -4   0   3   1   0  -4  -4  -1  -3  -4  -2   0  -1  -4  -3  -2    1   0   0  56   0   2  19  13   2   0   0   0   0   0   0   4   1   0   0   3  0.71 0.11
    8 K    -2   3   0  -2  -4   2   0  -3  -1  -4  -3   6  -2  -4  -2  -1  -2  -4  -3  -3    0  16   3   0   0   5   0   0   0   0   0  76   0   0   0   0   0   0   0   0  0.87 0.15
    9 E    -1   0  -1   2  -4   1   4  -1  -1  -4  -3   2  -3  -4   2   0  -1  -4  -3  -3    5   0   0   8   0   1  47   3   0   0   0  20   0   0  13   2   2   0   0   0  0.56 0.10
   10 G    -1  -3  -2  -2  -4  -3  -3   7  -3  -4  -4  -3  -4  -4  -3  -1  -3  -4  -4  -2    0   0   0   0   0   0   0  96   0   0   0   0   0   0   0   0   0   0   0   4  1.43 0.17
   11 Y    -3  -3  -4  -5  -4  -3  -3  -5   1  -3  -2  -3  -2   2  -4  -3  -3   1   9  -3    0   0   0   0   0   0   0   0   0   0   0   0   0   0   0   0   0   0 100   0  1.88 0.25
   12 S     1   0  -1  -1  -2  -1  -1  -1  -2  -3  -3  -1  -2  -4  -2   5   0  -4  -3  -3    8   6   0   0   0   0   0   0   0   0   0   0   0   0   0  86   0   0   0   0  0.79 0.17
   13 G    -1  -3  -1  -2  -4  -3  -3   7  -3  -5  -5  -2  -4  -4  -3   0  -2  -4  -4  -4    0   0   0   0   0   0   0  94   0   0   0   0   0   0   0   6   0   0   0   0  1.42 0.17
   14 V     0  -3  -3  -3  -2  -2  -3  -3  -3   1   0  -3   1  -2  -3  -1   2  -4  -2   4    7   0   0   0   0   0   0   0   0   0   2   0   4   0   0   0  22   0   0  65  0.48 0.12
   15 G     3  -3  -2  -2  -2  -2  -2   5  -3  -3  -4  -2  -3  -4  -2   0  -2  -3  -3  -2   39   0   0   0   0   0   0  61   0   0   0   0   0   0   0   0   0   0   0   0  0.88 0.13
   16 L    -2  -3  -4  -4  -2  -2  -3  -4  -3   2   4  -3   4  -1   0  -3  -2  -3  -2   1    0   0   0   0   0   0   0   0   0   9  60   0  20   0   4   0   0   0   0   6  0.55 0.11
   17 L    -2  -3  -4  -4   0  -3  -4  -4  -3   1   4  -3   1   2  -4  -3  -2  -2   1   0    0   0   0   0   2   0   0   0   0   4  75   0   0  11   0   0   0   0   6   2  0.61 0.12
   18 S     2  -2  -1  -2   5  -1  -2  -1  -2  -3  -3  -1  -2  -3  -2   4   2  -4  -3  -2   14   0   0   0  18   0   0   0   0   0   0   0   0   0   0  56  11   0   0   0  0.59 0.13
   19 R    -2   4  -1  -2   1   0   0  -3  -2  -4  -3   5  -2  -4   0  -1  -2  -4  -3  -3    0  32   0   0   4   0   0   0   0   0   0  59   0   0   4   0   0   0   0   0  0.77 0.14
   20 Q    -1   1   1   0  -3   3   2  -2   1  -1  -1   1  -1  -3  -2   0   2  -3  -2  -1    1   8   7   2   0  26  13   0   3   6   4   4   0   0   0   1  22   0   0   2  0.26 0.07
   21 C     0   0  -1  -1   5   1   3  -3  -2  -3  -3   3  -1  -3  -2  -1  -1  -3  -3  -2    5   3   0   0  21   4  35   0   0   0   0  24   1   0   0   1   3   0   0   3  0.46 0.10
   22 P    -2  -4  -3  -3  -4  -3  -2  -4  -4  -4  -4  -2  -4  -5   8  -2  -2  -5  -4  -4    0   0   0   0   0   0   0   0   0   0   0   0   0   0 100   0   0   0   0   0  2.55 0.24
   23 L    -2  -3  -4  -4  -2  -3  -4  -5  -4   3   5  -3   1   0  -4  -3  -1  -3  -2   1    0   0   0   0   0   0   0   0   0  19  76   0   0   0   0   0   2   0   0   3  0.67 0.12
   24 K    -1   1   3   1  -3   1   1  -2  -1  -3  -3   4  -2  -4  -2   1   0  -4  -3  -3    1   5  20   7   0   3   9   0   0   0   0  38   0   0   0  16   2   0   0   0  0.42 0.08
   25 V     0  -4  -4  -4  -2  -3  -3  -4  -4   2   0  -3   1  -2  -3  -3  -1  -4  -2   6    3   0   0   0   0   0   0   0   0   4   0   0   3   0   0   0   0   0   0  91  0.80 0.16
   26 S     0  -2   0  -2  -1  -1  -1  -2  -2  -2  -2   0  -1  -3  -2   3   5  -4  -3  -1    0   0   2   0   1   1   0   0   0   1   0   5   1   0   0  32  57   0   0   0  0.60 0.14
   27 Y    -3  -3  -3  -4   0  -3  -3  -4   1  -2  -2  -3  -2   3  -3  -2  -3   1   8  -2    0   0   0   0   3   0   0   0   2   1   0   0   0   7   1   1   0   0  85   0  1.43 0.21
   28 G    -1  -3  -1   0  -3  -2  -3   6  -3  -4  -4  -2  -3  -4  -3  -1  -2  -3  -4  -4    0   0   0   4   0   0   0  91   0   0   1   0   0   0   0   0   0   0   0   0  1.30 0.15
   29 I    -2  -3  -3  -3  -2  -3  -3  -4  -4   6   1  -3   1  -1  -3  -1  -1  -3  -2   1    1   0   0   0   0   0   0   0   0  79   7   0   2   0   0   7   0   0   0   0  0.67 0.15
   30 G     0  -2   0  -2  -4  -3  -3   6  -3  -5  -5  -2  -4  -4  -3  -1  -2  -4  -4  -4    4   1   3   1   0   0   0  89   0   0   0   0   0   0   0   0   0   0   0   0  1.33 0.18
   31 D    -1  -1   0   3  -3   0   3  -2  -1   1  -2   2   0  -3  -2  -1  -1  -4  -3   0    2   0   5  17   0   1  29   0   0  11   0  19   4   0   0   1   1   0   0  10  0.27 0.08
   32 E    -1  -1  -1   1   0   1   6  -3  -1  -4  -4   0  -3  -4   2   0  -2  -4  -3  -3    3   0   1   2   2   0  74   0   0   0   0   4   0   0  11   3   0   0   0   0  0.87 0.17
   33 E    -1  -1  -1   1  -5   1   6  -3  -1  -4  -4   1  -3  -4  -2  -1  -2  -4  -3  -2    2   0   0   2   0   2  85   0   0   0   0   4   0   0   0   2   0   0   0   3  1.06 0.19
   34 H    -3  -1  -1  -3   0  -1  -2  -4  10  -4  -3  -2  -1  -3  -4  -2  -3  -4   1  -4    0   2   0   0   2   0   0   0  92   0   1   0   1   0   0   0   0   0   1   0  1.90 0.28
   35 D    -3  -3   0   7  -5  -1   2  -3  -2  -5  -5  -2  -4  -5  -3  -1  -2  -6  -4  -5    0   0   0  94   0   0   6   0   0   0   0   0   0   0   0   0   0   0   0   0  1.55 0.22
   36 Q     0   1   0  -1  -3   4   1  -1   1  -3  -3   3  -2  -4   0   0   0  -3  -2  -2   10   2   4   1   0  29   2   4   4   1   0  31   0   0   4   2   4   0   0   2  0.36 0.10
   37 E    -2  -1  -1   2  -5   1   7  -3  -1  -5  -4   0  -3  -5  -2  -1  -2  -4  -3  -4    0   0   0   5   0   0  95   0   0   0   0   0   0   0   0   0   0   0   0   0  1.33 0.23
   38 G    -1  -4  -2  -3   0  -3  -3   7  -3  -5  -5  -3  -4  -4  -3  -1  -3  -4  -4  -4    0   0   0   0   3   0   0  97   0   0   0   0   0   0   0   0   0   0   0   0  1.55 0.20
   39 R    -3   7  -2  -3  -5   2  -1  -4  -1  -4  -3   1  -2  -4  -3  -2  -2  -4  -3  -4    0  92   0   0   0   8   0   0   0   0   0   0   0   0   0   0   0   0   0   0  1.34 0.21
   40 V    -1  -4  -4  -4  -2  -3  -4  -4  -4   2   0  -3   1  -2  -3  -3  -1  -4  -2   6    0   0   0   0   0   0   0   0   0   1   3   0   4   0   0   0   0   0   0  92  0.83 0.16
   41 I    -1  -3  -3  -3  -1  -3  -3  -4  -3   4   1  -3   1   0  -3  -2  -1  -3  -1   2    0   0   0   0   0   0   0   0   0   0   0   0   0   0   0   0   0   0   0   0  0.00     0.00