Last position-specific scoring matrix computed, weighted observed percentages rounded down, information per position, and relative weight of gapless real matches to pseudocounts
            A   R   N   D   C   Q   E   G   H   I   L   K   M   F   P   S   T   W   Y   V   A   R   N   D   C   Q   E   G   H   I   L   K   M   F   P   S   T   W   Y   V
    1 E    -2  -2   0   6  -5   0   4  -3  -2  -4  -5  -1  -4  -5  -2  -1  -2  -5  -4  -4    0   0   0  69   0   0  31   0   0   0   0   0   0   0   0   0   0   0   0   0  1.16 0.16
    2 G    -1  -4  -2  -3  -4  -3  -4   7  -3  -5  -5  -3  -4  -5  -4  -1  -3  -4  -5  -5    2   0   0   0   0   0   0  97   0   0   0   0   0   0   0   2   0   0   0   0  1.62 0.24
    3 D    -3  -3   3   7  -5  -2   0  -3  -2  -5  -5  -2  -5  -5  -3  -1  -2  -6  -5  -5    0   0  12  85   0   0   0   0   0   0   0   0   0   0   0   3   0   0   0   0  1.50 0.25
    4 V     1  -3  -3  -4  -2  -2  -1  -4  -2   1   0  -3  -1  -2  -1  -2   0  -4  -2   5   13   0   0   0   0   1   3   0   1   0   4   0   0   0   2   1   4   0   0  72  0.57 0.17
    5 E    -2  -2  -2   1  -5   1   7  -4  -2  -5  -5   0  -4  -5  -3  -2  -2  -5  -4  -4    0   0   0   4   0   2  92   0   0   0   0   3   0   0   0   0   0   0   0   0  1.40 0.27
    6 K    -2   1  -2  -2  -5   0  -1  -3  -2  -4  -4   7  -1  -5  -3  -2  -2  -5  -3  -4    0   2   0   0   0   2   0   0   0   0   0  95   1   0   0   0   0   0   0   0  1.33 0.27
    7 C    -2  -6  -5  -6  11  -5  -6  -5  -5  -3  -3  -5  -3  -5  -5  -3  -3  -4  -5  -3    0   0   0   0 100   0   0   0   0   0   0   0   0   0   0   0   0   0   0   0  2.93 0.38
    8 K    -2   5  -1  -2  -5   3   0  -3  -2  -4  -4   5  -2  -4  -3  -2  -2  -4  -3  -4    0  33   0   0   0  13   0   0   0   0   0  54   0   0   0   0   0   0   0   0  0.95 0.20
    9 E    -3   6  -2  -2  -5   2   3  -4  -1  -4  -4   1  -3  -4  -3  -2  -2   0  -3  -4    0  65   0   0   0   9  20   0   0   0   0   4   0   0   0   0   0   2   0   0  1.01 0.21
   10 D    -3  -3   0   7  -5  -2   0  -2  -3  -5  -5  -2  -4  -5  -3  -2  -3  -5  -4  -5    0   0   1  91   0   0   1   1   0   0   0   0   0   0   0   0   0   0   0   0  1.55 0.27
   11 V     5  -3  -2  -1  -2  -2  -2  -1  -3  -2  -2  -2  -2  -3  -2   0   1  -4  -3   1   72   0   0   4   0   0   0   0   0   0   0   0   0   0   0   2   6   0   0  11  0.59 0.18
   12 I    -3  -5  -5  -5  -3  -4  -5  -5  -5   7   0  -4   0  -2  -4  -4  -2  -4  -3   1    0   0   0   0   0   0   0   0   0  95   0   0   0   0   0   0   0   0   0   0  1.24 0.27
   13 F    -3  -4  -4  -5  -1  -4  -4  -4  -1  -2  -2  -4  -2   6  -5  -3  -3   0   7   0    0   0   0   0   1   0   0   0   0   0   0   0   0  41   0   0   0   0  46   7  1.17 0.23
   14 N    -3  -1   7   1  -4  -1  -2  -2   0  -4  -4   1  -4  -5  -4  -1  -2  -5  -4  -3    0   1  85   3   0   0   0   0   1   1   1   8   0   0   0   0   0   0   0   1  1.34 0.26
   15 R    -3   8  -2  -3  -5   0  -2  -4  -2  -5  -4   1  -3  -5  -4  -2  -3  -4  -3  -4    0  98   0   0   0   2   0   0   0   0   0   0   0   0   0   0   0   0   0   0  1.70 0.29
   16 I    -2  -4  -4  -5  -2  -4  -4  -3  -5   3   0  -4  -1  -2  -4  -3  -1  -4  -3   6    0   0   0   0   0   0   0   2   0  13   0   0   0   0   0   0   0   0   0  85  0.97 0.22
   17 P    -3  -4  -4  -3  -5  -3  -3  -4  -4  -5  -5  -3  -4  -6   8  -3  -1  -6  -5  -4    0   0   0   0   0   0   0   0   0   0   0   0   0   0  98   0   2   0   0   0  2.62 0.32
   18 F    -3  -4  -4  -5  -4  -4  -4  -5  -1  -1  -1  -4   1   7  -5  -4  -2   0   4  -2    0   0   0   0   0   0   0   0   1   2   1   0   4  74   0   0   3   0  14   0  1.30 0.23
   19 L    -3  -3  -4  -5  -3  -3  -4  -5  -4   1   5  -3   6  -1  -4  -4  -2  -3  -2   0    0   0   0   0   0   0   0   0   0   3  71   0  27   0   0   0   0   0   0   0  0.93 0.20
   20 E    -3  -2  -2   0  -6   0   7  -4  -2  -5  -5  -1  -4  -5  -3  -2  -3  -5  -4  -4    0   0   0   0   0   0 100   0   0   0   0   0   0   0   0   0   0   0   0   0  1.60 0.30
   21 C    -2  -2  -4  -5   7  -3  -4  -3  -3   0   3  -3   5   1  -4  -2  -2  -3  -1   0    0   1   0   0  27   0   0   2   0   1  29   0  30   5   0   1   0   0   1   3  0.71 0.17
   22 R    -1   3   0  -2   0   0  -1  -3  -2   2  -2   4  -1  -3  -2   0  -1  -4  -3  -1    4  20   5   0   2   0   0   0   0  22   0  39   0   0   0   5   3   0   0   0  0.36 0.13
   23 K     1  -1   0  -1  -1  -1  -1  -2   0   2  -1   1   0  -2  -2   0   0  -3  -2   2   21   1   7   4   1   0   2   0   2  17   0  13   2   1   0   2   5   0   0  23  0.11 0.07
   24 E    -2  -2  -2   1  -4  -1   2  -3   0  -3  -4  -1  -3  -5   7   0  -2  -5  -4  -3    1   1   0   9   0   1  15   1   3   1   0   1   0   0  61   5   1   0   0   2  1.29 0.19
   25 N    -1   0   1   0  -4   0   2   4   0  -3  -3   2  -1  -4  -1  -1  -1  -4  -3  -3    0   3   6   5   0   1  15  41   2   1   1  17   2   0   2   1   2   0   0   0  0.44 0.10
   26 L    -1  -2  -2  -2   0  -2  -1  -1   0   2   1  -1   3   1  -3  -1  -1  -2   0   2    2   0   1   1   2   0   4   6   3  17  15   3  17   6   0   4   0   0   2  18  0.15 0.07
   27 M     0  -2  -2  -2  -3  -1  -1  -3  -3   1   1  -2   4   1   4   0  -1  -3  -2   0    6   0   1   1   0   2   3   1   0   7  17   1  19   6  26   6   3   0   0   2  0.39 0.11
   28 N     0  -1   5   1   0  -1  -1  -1  -2  -4  -4  -1  -3  -4  -3   4   0  -5  -3  -3    4   1  39   6   2   0   1   1   0   0   0   0   0   0   0  43   3   0   0   0  0.73 0.20
   29 G    -1  -4  -2  -3  -4  -4  -4   7  -4  -5  -5  -3  -4  -5  -4  -2  -3  -4  -5  -3    0   0   0   0   0   0   0  98   0   0   0   0   0   0   0   0   0   0   0   2  1.79 0.30
   30 V    -2  -4  -4  -4  -2  -4  -4  -5  -4   4   0  -4   0  -2  -4  -2   1  -4  -3   5    0   0   0   0   0   0   0   0   0  24   3   0   0   0   0   1   8   0   0  64  0.78 0.20
   31 K    -1   0  -1   1  -5   1   5  -1  -2  -4  -4   4  -3  -5  -2  -1  -2  -4  -3  -4    2   1   0   5   0   2  58   4   0   0   0  28   0   0   0   1   0   0   0   0  0.86 0.21
   32 Q    -2   0  -2   0  -4   7   1  -4  -2  -3   1   0   0  -4  -3  -1  -2  -4  -3  -3    0   2   0   5   0  67   4   0   0   0  16   3   2   0   0   1   1   0   0   0  0.91 0.25
   33 L    -3  -4  -5  -5  -3  -4  -5  -5  -5   0   6  -4   1  -1  -5  -4  -3  -3  -3  -1    0   0   0   0   0   0   0   0   0   0 100   0   0   0   0   0   0   0   0   0  1.25 0.27
   34 D     0  -1   0   1  -4   1   5  -2  -2  -3  -4   4  -3  -4  -2  -1  -2  -4  -3  -3    7   0   4   3   0   1  52   1   0   1   0  29   0   0   0   0   1   0   0   0  0.74 0.20
   35 E    -1   0   4   1  -3   1   2  -1  -1  -3  -3   3  -2  -4  -2   0   0  -4  -3  -2    5   1  25   6   0   7  15   1   0   0   1  28   1   0   0   3   5   0   0   1  0.40 0.12
   36 M    -1  -2  -2  -3  -3  -2  -3  -4  -3   0   1   0   7  -2  -3  -1   4  -3  -3  -1    3   0   1   0   0   0   0   0   0   3   7   6  43   0   0   1  34   0   0   2  0.70 0.22
   37 N     1  -2   0  -2  -4   2   0  -3  -2  -4  -3   0  -3  -5   7   0  -2  -5  -4  -3   15   0   4   1   0  11   3   0   1   0   1   5   0   0  55   5   0   0   0   0  1.14 0.21
   38 S    -1  -3  -1  -2  -3  -2  -2  -2  -3  -4  -3  -2  -3  -4  -1   6   0  -5  -2  -3    0   0   0   0   0   0   0   0   0   0   2   0   0   0   2  94   1   0   1   0  1.20 0.31
   39 P    -2  -4  -4  -4  -5  -3  -3  -4  -4  -5  -3  -3  -4  -6   8  -3  -3  -6  -5  -4    1   0   0   0   0   0   0   0   0   0   2   0   0   0  96   0   0   0   0   0  2.64 0.37
   40 R    -3   8  -2  -3  -5   1  -2  -4  -2  -5  -4   0  -3  -5  -4  -3  -3  -5  -4  -4    0  96   0   0   0   4   0   0   0   0   0   0   0   0   0   0   0   0   0   0  1.77 0.32
   41 I    -1  -3  -3  -3  -1  -3  -3  -4  -3   4   2  -3   1   0  -3  -2  -1  -3  -1   3    0   0   0   0   0   0   0   0   0   0   0   0   0   0   0   0   0   0   0   0  0.00     0.00