Last position-specific scoring matrix computed, weighted observed percentages rounded down, information per position, and relative weight of gapless real matches to pseudocounts
            A   R   N   D   C   Q   E   G   H   I   L   K   M   F   P   S   T   W   Y   V   A   R   N   D   C   Q   E   G   H   I   L   K   M   F   P   S   T   W   Y   V
    1 V    -1  -3  -3  -4  -1  -2  -3  -4  -3   2   2  -3   1  -1  -3  -2   0  -3  -1   4    0   0   0   0   0   0   0   0   0   0  21   0   0   0   0   0   0   0   0  79  0.34 0.01
    2 N    -1  -1   6   2  -3   0   0  -1   0  -4  -4   0  -2  -3  -2   1   0  -4  -2  -3    0   0  82   9   0   0   0   0   0   0   0   0   0   0   0   9   0   0   0   0  0.68 0.02
    3 V     0  -3  -3  -4  -1  -3  -3  -4  -4   3   1  -3   1  -1  -3  -2   0  -3  -1   5    0   0   0   0   0   0   0   0   0   0   0   0   0   0   0   0   0   0   0 100  0.43 0.03
    4 V     0  -2  -3  -2  -1  -2   0  -3  -3   2   0  -2   0  -1  -3  -2   0  -3  -2   4    0   0   0   0   0   0  11   0   0   0   0   0   0   0   0   0   0   0   0  89  0.31 0.02
    5 A     1  -2  -1  -2  -1   0  -1  -2  -2   0   0  -1   1  -2   3   0   2  -3  -2   0   23   0   0   0   0   7   0   0   0   7  11   0   6   0  18   0  29   0   0   0  0.25 0.01
    6 L    -1  -2  -4  -4  -1  -2  -3  -4  -3   2   4  -3   2   0  -3  -2  -1  -2  -1   2    0   0   0   0   0   0   0   0   0  11  66   0   6   0   0   0   0   0   0  17  0.38 0.01
    7 L     0   1  -2  -2  -2  -1   0  -3  -2   0   3   1   1  -1  -2  -1   0  -2  -2   0   11   7   0   0   0   0   6   0   0   0  56  14   0   0   0   0   7   0   0   0  0.14 0.01
    8 M    -1  -2  -3  -3  -1  -2  -3  -3  -3   3   1  -2   4  -1  -3  -2   0  -3  -1   3    0   0   0   0   0   0   0   0   0  15   0   0  34   0   0   0   0   0   0  51  0.32 0.02
    9 N    -2  -1   6   1  -3   0   0  -1   0  -4  -4   0  -3  -3  -2   0   0  -4  -2  -3    0   0 100   0   0   0   0   0   0   0   0   0   0   0   0   0   0   0   0   0  0.85 0.03
   10 R    -1   2   0   0  -3   4   3  -2   2  -3  -1   1  -1  -3  -2   0  -1  -3  -1  -2    0  17   0   0   0  49  22   0   6   0   6   0   0   0   0   0   0   0   0   0  0.46 0.02
   11 T     0  -1   0  -1  -1  -1  -1  -2  -2  -1  -1  -1  -1  -2  -1   1   5  -3  -2   0    0   0   0   0   0   0   0   0   0   0   0   0   0   0   0   0 100   0   0   0  0.57 0.03
   12 D    -2  -2   1   7  -4  -1   1  -2  -1  -4  -4  -1  -3  -4  -2   0  -1  -5  -3  -4    0   0   0 100   0   0   0   0   0   0   0   0   0   0   0   0   0   0   0   0  1.03 0.03
   13 P    -1  -2  -2  -2  -3  -2  -1  -3  -3  -3  -3  -1  -3  -4   8  -1  -1  -4  -3  -3    0   0   0   0   0   0   0   0   0   0   0   0   0   0 100   0   0   0   0   0  2.13 0.04
   14 K    -1   2   1  -1  -3   1   1  -2  -1  -3  -3   5  -2  -3  -1   0  -1  -3  -2  -3    0   0   8   0   0   0   0   0   0   0   0  92   0   0   0   0   0   0   0   0  0.55 0.03
   15 S     1  -1   0   0  -1   0   0   0  -1  -3  -3   0  -2  -3  -1   5   1  -3  -2  -2    0   0   0   0   0   0   0   0   0   0   0   0   0   0   0 100   0   0   0   0  0.53 0.03
   16 L    -1  -3  -4  -4  -1  -3  -3  -4  -3   4   2  -3   1   0  -3  -2  -1  -3  -1   3    0   0   0   0   0   0   0   0   0  56  23   0   0   0   0   0   0   0   0  21  0.37 0.01
   17 I    -2  -3  -4  -4  -1  -3  -4  -4  -4   5   1  -3   1   0  -3  -3  -1  -3  -2   3    0   0   0   0   0   0   0   0   0 100   0   0   0   0   0   0   0   0   0   0  0.48 0.03
   18 T     0  -1   1  -1  -1  -1  -1  -2  -2  -1  -2  -1  -1  -3  -1   1   5  -3  -2   0    0   0   8   0   0   0   0   0   0   0   0   0   0   0   0   0  92   0   0   0  0.51 0.03
   19 H    -2   2   2  -1  -3   3   0  -2   7  -3  -3   0  -2  -2  -2  -1  -1  -3   0  -3    0  17  10   0   0  21   0   0  51   0   0   0   0   0   0   0   0   0   0   0  0.56 0.02
   20 V    -1  -3  -3  -4  -1  -3  -3  -4  -3   3   1  -3   1  -1  -3  -2   0  -3  -1   4    0   0   0   0   0   0   0   0   0  16   5   0   0   0   0   0   0   0   0  79  0.38 0.02
   21 C    -1  -4  -3  -4  10  -3  -4  -3  -3  -2  -2  -4  -2  -3  -3  -1  -1  -3  -3  -1    0   0   0   0 100   0   0   0   0   0   0   0   0   0   0   0   0   0   0   0  1.44 0.04
   22 D    -2  -1   1   6  -4   0   3  -2  -1  -4  -4   0  -3  -4  -2   0  -1  -4  -3  -3    0   0   0  79   0   0  21   0   0   0   0   0   0   0   0   0   0   0   0   0  0.86 0.02
   23 L    -2  -3  -4  -4  -1  -2  -3  -4  -3   2   4  -3   2   0  -3  -3  -1  -2  -1   1    0   0   0   0   0   0   0   0   0  11  89   0   0   0   0   0   0   0   0   0  0.48 0.02
   24 M    -1  -2  -3  -4  -2  -1  -3  -3  -2   2   3  -2   6   0  -3  -2  -1  -2  -1   1    0   0   0   0   0   0   0   0   0   8  18   0  66   0   0   0   0   0   0   8  0.38 0.03
   25 S     1  -1   0   0  -1   0   0   0  -1  -3  -3   0  -2  -3  -1   5   1  -3  -2  -2    0   0   0   0   0   0   0   0   0   0   0   0   0   0   0 100   0   0   0   0  0.53 0.03
   26 G     0   2   0   1  -3  -1  -1   5  -2  -4  -4   0  -3  -3  -2  -1  -2  -3  -3  -3    0  21   0  11   0   0   0  68   0   0   0   0   0   0   0   0   0   0   0   0  0.65 0.02
   27 A     2   1   0  -1  -1   0  -1  -1  -1  -1  -1   0   0  -2  -1   2   3  -3  -2  -1   23  11   0   0   0   0   0   0   0   0   0   0   7   0   0  21  39   0   0   0  0.25 0.01
   28 R    -1   5   0  -1  -4   1   0  -2   2  -3  -3   4  -2  -3  -2  -1  -1  -3  -1  -3    0  47   0   0   0   0   0   0   8   0   0  45   0   0   0   0   0   0   0   0  0.55 0.02
   29 I    -1  -3  -3  -4  -1  -3  -3  -4  -3   4   2  -3   2   0  -3  -2  -1  -3  -1   2    0   0   0   0   0   0   0   0   0  61  21   0   7   0   0   0   0   0   0  11  0.37 0.01
   30 H    -2   0   0  -1  -3   1   0  -2   8  -4  -3  -1  -2  -2  -2  -1  -2  -3   1  -4    0   0   0   0   0   8   0   0  92   0   0   0   0   0   0   0   0   0   0   0  0.96 0.04
   31 G     0  -3  -1  -2  -3  -2  -2   6  -2  -4  -4  -2  -3  -4  -2   0  -2  -3  -3  -4    0   0   0   0   0   0   0 100   0   0   0   0   0   0   0   0   0   0   0   0  1.12 0.03
   32 L    -1  -3  -3  -4  -1  -2  -3  -4  -3   2   3  -3   1   0  -3  -2  -1  -3  -1   3    0   0   0   0   0   0   0   0   0   0  44   0   0   0   0   0   0   0   0  56  0.35 0.02
   33 V     0  -3  -3  -4  -1  -3  -3  -4  -4   3   1  -3   1  -1  -3  -2   0  -3  -1   4    0   0   0   0   0   0   0   0   0   5   0   0   0   0   0   0   0   0   0  95  0.42 0.02
   34 F    -3  -3  -3  -4  -3  -4  -4  -4  -2   0   0  -4   0   7  -4  -3  -2   1   3  -1    0   0   0   0   0   0   0   0   0   0   0   0   0 100   0   0   0   0   0   0  0.88 0.03
   35 G     2  -2  -1  -2  -2  -2  -2   5  -2  -3  -3  -1  -2  -3  -2   0  -1  -3  -3  -2   38   0   0   0   0   0   0  62   0   0   0   0   0   0   0   0   0   0   0   0  0.65 0.02
   36 D    -2  -2   1   7  -4  -1   1  -2  -1  -4  -4  -1  -3  -4  -2   0  -1  -5  -3  -4    0   0   0 100   0   0   0   0   0   0   0   0   0   0   0   0   0   0   0   0  1.03 0.03
   37 D    -1  -2   1   6  -4  -1   1   3  -2  -4  -4  -1  -3  -4  -2   0  -1  -4  -3  -4    0   0   0  74   0   0   0  26   0   0   0   0   0   0   0   0   0   0   0   0  0.76 0.02
   38 T     0  -1   0  -1  -1  -1  -1  -2  -2  -1  -2  -1  -1  -2  -1   2   5  -3  -2   0    0   0   0   0   0   0   0   0   0   0   0   0   0   0   0   8  92   0   0   0  0.53 0.03
   39 D    -2  -2   1   6  -4  -1   1   0  -1  -4  -4  -1  -3  -4  -2   0  -1  -5  -3  -4    0   0   0  92   0   0   0   8   0   0   0   0   0   0   0   0   0   0   0   0  0.92 0.03
   40 Q    -1   1   0  -1  -3   6   2  -2   0  -3  -2   1  -1  -4  -2   0  -1  -2  -2  -3    0   0   0   0   0 100   0   0   0   0   0   0   0   0   0   0   0   0   0   0  0.76 0.03
   41 E    -1   0   0   1  -4   2   5  -2   0  -3  -3   1  -2  -3  -1   0  -1  -3  -2  -2    0   0   0   0   0   0   0   0   0   0   0   0   0   0   0   0   0   0   0   0  0.00     0.00