Last position-specific scoring matrix computed, weighted observed percentages rounded down, information per position, and relative weight of gapless real matches to pseudocounts
            A   R   N   D   C   Q   E   G   H   I   L   K   M   F   P   S   T   W   Y   V   A   R   N   D   C   Q   E   G   H   I   L   K   M   F   P   S   T   W   Y   V
    1 T     0  -1   0  -1  -1  -1  -1  -2  -2  -1  -2  -1  -1  -3  -1   2   5  -3  -2  -1    0   0   0   0   0   0   0   0   0   0   0   0   0   0   0  12  88   0   0   0  0.60 0.06
    2 T     0  -2  -1  -2  -1  -1  -1  -2  -2  -1  -2  -1  -1  -3  -2   1   6  -3  -2  -1    0   0   0   0   0   0   0   0   0   0   0   0   0   0   0   5  95   0   0   0  0.74 0.09
    3 A     5  -2  -2  -2  -1  -1  -1   0  -2  -2  -2  -1  -1  -3  -1   1  -1  -3  -2  -1   96   0   0   0   0   0   0   4   0   0   0   0   0   0   0   0   0   0   0   0  0.61 0.08
    4 A     5  -2  -2  -2  -1  -1  -1   0  -2  -2  -2  -1  -1  -3  -1   1   0  -3  -2  -1   97   0   0   0   0   0   0   0   0   0   0   0   0   0   0   3   0   0   0   0  0.62 0.08
    5 S     2  -1   0  -1  -1  -1  -1  -1  -1  -2  -3  -1  -2  -2  -1   4   1  -3   0  -2   22   0   0   0   0   0   0   0   0   0   0   0   0   0   0  72   0   0   6   0  0.47 0.06
    6 S     3  -1  -1   0  -1  -1  -1   0  -2  -2  -2   0  -2  -3  -1   3   1  -3  -2  -1   52   0   0   3   0   0   0   0   0   0   0   4   0   0   0  37   5   0   0   0  0.39 0.05
    7 M    -2  -2  -3  -4  -2  -1  -3  -3  -2   1   1  -2   8  -1  -3  -2  -1  -2  -2   0    0   0   0   0   0   0   0   0   0   0   0   0 100   0   0   0   0   0   0   0  0.95 0.12
    8 L    -2  -3  -4  -4  -2  -2  -3  -4  -3   1   4  -3   3   0  -3  -3  -2  -2  -1   1    0   0   0   0   0   0   0   0   0   0  88   0  10   0   0   0   0   0   0   2  0.58 0.06
    9 E    -1  -1   0   3  -4   1   5  -2  -1  -4  -4   0  -3  -4  -2  -1  -1  -4  -3  -3    0   0   0  23   0   2  74   0   0   0   0   0   0   0   0   0   0   0   0   0  0.83 0.07
   10 K    -1   3  -1  -1  -4   2   2  -2  -1  -3  -3   4  -2  -3  -2   0  -1  -3  -2  -3    0  14   0   0   0   8  10   0   0   0   0  64   0   0   0   3   0   0   0   0  0.56 0.05
   11 F    -2  -2  -3  -4  -3  -2  -3  -4   3  -1  -1  -3  -1   5  -4  -2  -2   1   6  -2    0   0   0   0   0   0   0   0   8   0   0   0   0  36   0   0   0   0  57   0  0.91 0.07
   12 S     1  -1   0  -1  -2  -1  -1   2  -2  -3  -3  -1  -2  -3  -1   5   1  -3  -2  -2    0   0   0   0   0   0   0  14   0   0   0   0   0   0   0  86   0   0   0   0  0.59 0.07
   13 Y    -2  -3  -3  -2  -3  -2  -2  -3   0  -1  -1  -3  -1   5  -3  -2  -2   1   5   0    0   0   0   3   0   0   3   0   0   0   0   0   0  47   0   2   0   0  40   6  0.69 0.06
   14 I    -2  -4  -4  -4  -2  -3  -4  -4  -4   5   1  -3   1  -1  -3  -3  -1  -3  -2   2    0   0   0   0   0   0   0   0   0  97   3   0   0   0   0   0   0   0   0   0  0.66 0.08
   15 P    -1  -3  -3  -2  -4  -2  -2  -3  -3  -3  -4  -2  -3  -4   8  -1  -2  -4  -4  -3    0   0   0   0   0   0   0   0   0   0   0   0   0   0 100   0   0   0   0   0  2.29 0.10
   16 E    -1  -1  -1   1  -4   1   6  -3  -1  -4  -4   0  -3  -4  -2  -1  -1  -3  -3  -3    0   0   0   0   0   0 100   0   0   0   0   0   0   0   0   0   0   0   0   0  1.02 0.09
   17 A     5  -2  -2  -2  -1  -1  -1   0  -2  -2  -2  -1  -1  -3  -1   1   1  -3  -2  -1   90   0   0   0   0   0   0   0   0   0   0   0   0   0   0   0  10   0   0   0  0.54 0.07
   18 K    -1   3  -1  -1  -4   1   0  -2  -1  -3  -3   6  -2  -4  -2  -1  -1  -4  -2  -3    0   8   0   0   0   0   0   0   0   0   0  92   0   0   0   0   0   0   0   0  0.76 0.08
   19 A     2  -2  -1  -2  -1  -1  -1  -1  -2  -1  -2  -1  -1  -3  -1   1   5  -3  -2   0   28   0   0   0   0   0   0   0   0   0   0   0   0   0   0   0  72   0   0   0  0.52 0.07
   20 S     1  -1   0  -1  -1  -1  -1   0  -1  -3  -3  -1  -2  -3  -1   5   1  -3  -2  -2    0   0   0   0   0   0   0   3   0   0   0   0   0   0   0  97   0   0   0   0  0.67 0.08
   21 C    -1  -4  -3  -4  10  -4  -4  -3  -4  -2  -2  -4  -2  -3  -4  -2  -2  -3  -3  -2    0   0   0   0 100   0   0   0   0   0   0   0   0   0   0   0   0   0   0   0  1.88 0.12
   22 Y    -2  -2  -3  -4  -3  -2  -3  -4   1  -2  -2  -3  -2   2  -4  -2  -2   2   8  -2    0   0   0   0   0   0   0   0   0   0   0   0   0   0   0   0   0   0 100   0  1.36 0.11
   23 G     0  -3  -1  -2  -3  -2  -3   6  -3  -4  -4  -2  -3  -4  -3  -1  -2  -3  -3  -2    3   0   0   0   0   0   0  94   0   0   0   0   0   0   0   0   0   0   0   3  1.15 0.07
   24 Q    -1   0  -1  -1  -4   6   1  -2   1  -3  -3   1  -1  -4   0  -1  -1  -3  -2  -3    0   0   0   0   0  93   0   0   2   0   0   0   0   0   5   0   0   0   0   0  0.93 0.10
   25 M     0  -1   0  -2  -2   0  -1  -2  -2   0   2  -1   2  -1   2   0   1  -2  -2   0    7   2   4   0   0   8   0   0   0   3  30   0  13   0   9   7  15   0   0   1  0.14 0.02
   26 E    -1  -1  -1   1  -4   1   6  -1  -1  -4  -4   0  -3  -4  -2  -1  -1  -3  -3  -3    0   0   0   3   0   0  94   3   0   0   0   0   0   0   0   0   0   0   0   0  0.92 0.08
   27 R    -1   3   1  -1  -3   1   0  -2  -1  -3  -3   4  -2  -2  -2   0   0  -2   1  -2    0  18   5   0   0   5   0   0   0   0   0  58   0   0   0   2   5   0   7   0  0.45 0.05
   28 P    -1  -1   4   0  -2   0  -1   0  -1  -3  -2   0  -2  -3   4   1   1  -4  -2  -2    0   0  35   0   0   3   0   4   0   0   3   4   0   0  28  13  10   0   0   0  0.54 0.04
   29 E    -1  -1   0   4  -4   1   4  -2  -1  -2  -3   1  -2  -3  -2  -1  -1  -4  -3  -1    0   0   0  28   0   0  58   0   0   0   0   6   0   0   0   0   0   0   0   8  0.61 0.06
   30 V     0   2  -1  -2  -2   1  -1  -1  -1   0   1   0   0  -2   0  -1   0   0  -2   0   12  25   0   0   0  11   0   3   0   6  21   0   0   0   4   0   7   2   0   8  0.11 0.02
   31 P    -1  -3  -3  -2  -4  -2  -2  -3  -3  -3  -4  -2  -3  -4   8  -1  -2  -4  -4  -3    0   0   0   0   0   0   0   0   0   0   0   0   0   0 100   0   0   0   0   0  2.29 0.10
   32 M     0  -2  -1  -2  -2  -1  -1  -2   0  -1   1  -1   0   1   4   2   0  -2  -1  -1    0   0   0   0   0   2   0   0   3   0  20   0   4  10  24  38   0   0   0   0  0.33 0.04
   33 H    -2  -1   2  -1  -3   2   0  -2   8  -3  -2  -1  -2  -2  -3   0  -2  -3   1  -3    0   0  13   0   0  10   0   0  68   0   4   0   0   0   0   6   0   0   0   0  0.81 0.08
   34 T     1  -1  -1  -2  -1  -1  -1  -2  -2  -1  -1  -1   1  -2  -2   1   5  -3  -2  -1   14   2   0   0   0   0   0   0   0   0   0   0   7   0   0   8  68   0   0   0  0.44 0.06
   35 L    -2  -3  -4  -4  -2  -3  -3  -4  -3   2   5  -3   2   0  -3  -3  -2  -2  -2   1    0   0   0   0   0   0   0   0   0   5  95   0   0   0   0   0   0   0   0   0  0.63 0.06
   36 H    -2  -1   0  -2  -4   0  -1  -3   9  -4  -3  -1  -2  -2  -3  -1  -2  -3   1  -4    0   0   2   0   0   2   0   0  96   0   0   0   0   0   0   0   0   0   0   0  1.34 0.11
   37 P    -1   2   0  -1  -3   4   1  -2  -1  -3  -3   4  -1  -4   0   0   0  -3  -2  -3    0   6   2   0   0  29   0   0   0   0   0  55   0   0   4   0   3   0   0   0  0.52 0.05
   38 F    -3  -3  -4  -4  -3  -4  -4  -4  -1  -1   0  -4  -1   7  -4  -3  -3   1   3  -1    0   0   0   0   0   0   0   0   0   0   0   0   0  93   0   0   0   0   7   0  1.06 0.08
   39 M    -2  -2  -3  -4  -2  -1  -3  -3  -2   1   1  -2   8  -1  -3  -2  -1  -2  -2   0    0   0   0   0   0   0   0   0   0   0   0   0  98   0   0   0   0   0   0   2  0.85 0.11
   40 V    -1  -2  -3  -4  -2  -1  -3  -3  -3   2   1  -2   6  -1  -3  -2  -1  -2  -2   3    0   0   0   0   0   0   0   0   0  12   0   0  60   0   0   0   0   0   0  28  0.49 0.07
   41 N    -1   0   5   1  -3   0   0   0   1  -3  -3   0  -2  -3  -2   1   0  -4  -2  -3    0   0   0   0   0   0   0   0   0   0   0   0   0   0   0   0   0   0   0   0  0.00     0.00