Last position-specific scoring matrix computed, weighted observed percentages rounded down, information per position, and relative weight of gapless real matches to pseudocounts
            A   R   N   D   C   Q   E   G   H   I   L   K   M   F   P   S   T   W   Y   V   A   R   N   D   C   Q   E   G   H   I   L   K   M   F   P   S   T   W   Y   V
    1 K    -1   4   0  -1  -3   1   0  -2  -1  -3  -3   4  -2  -3  -2   0  -1  -3  -2  -3    0  35   0   0   0   0   0   0   0   0   0  65   0   0   0   0   0   0   0   0  0.54 0.01
    2 Y    -2  -3  -3  -4  -3  -2  -3  -3   0  -1  -1  -3  -1   4  -4  -2  -2   8   6  -2    0   0   0   0   0   0   0   0   0   0   0   0   0  27   0   0   0  25  47   0  0.94 0.03
    3 F    -2  -3  -3  -4  -3  -3  -3  -3   0  -1   0  -3   0   6  -4  -2  -2   1   5  -1    0   0   0   0   0   0   0   0   0   0   0   0   0  72   0   0   0   0  28   0  0.75 0.03
    4 R     1   4  -1  -2  -2   1   0  -1  -1  -3  -2   3  -1  -3  -2   0  -1  -3  -2  -2   27  44   0   0   0   0   0   0   0   0   0  28   0   0   0   0   0   0   0   0  0.40 0.02
    5 L    -1  -3  -4  -4  -1  -2  -3  -4  -3   2   4  -3   2   0  -3  -2  -1  -2  -1   2    0   0   0   0   0   0   0   0   0   0  72   0   0   0   0   0   0   0   0  28  0.39 0.02
    6 D    -1  -1   4   4  -3   0   1  -1  -1  -3  -3  -1  -2  -3  -2   0   2  -4  -3  -2    0   0  28  46   0   0   0   0   0   0   0   0   0   0   0   0  25   0   0   0  0.51 0.02
    7 L    -1  -2  -3  -4  -2  -1  -3  -3  -2   1   3  -2   5   0  -3  -2  -1  -2  -1   1    0   0   0   0   0   0   0   0   0   0  47   0  53   0   0   0   0   0   0   0  0.40 0.02
    8 Y    -2   0  -2  -3  -3  -1  -1  -3   0  -1  -1   2  -1   4  -3  -2  -2   1   5  -2    0   0   0   0   0   0   0   0   0   0   0  28   0  27   0   0   0   0  44   0  0.45 0.02
    9 K    -1   4   0  -1  -4   1   0  -2  -1  -3  -3   5  -2  -3  -2   0  -1  -3  -2  -3    0  28   0   0   0   0   0   0   0   0   0  72   0   0   0   0   0   0   0   0  0.56 0.02
   10 Q    -1   0  -1  -1  -3   4   0  -2   0  -3  -2   0  -1   0   4  -1  -1  -1   4  -2    0   0   0   0   0  46   0   0   0   0   0   0   0   0  28   0   0   0  25   0  0.59 0.02
   11 C    -1  -4  -3  -4  10  -3  -4  -3  -3  -2  -2  -4  -2  -3  -3  -1  -1  -3  -3  -1    0   0   0   0 100   0   0   0   0   0   0   0   0   0   0   0   0   0   0   0  1.40 0.04
   12 S     2  -2  -2  -2  -1  -1  -1  -1  -2   1  -1  -1  -1  -2   4   1   0  -3  -2   0   25   0   0   0   0   0   0   0   0  27   0   0   0   0  28  19   0   0   0   0  0.39 0.01
   13 F    -1  -3  -3  -4  -2  -2  -3  -3  -2   1   1  -3   3   5  -3  -2  -1   0   2   2    0   0   0   0   0   0   0   0   0   0   0   0  25  47   0   0   0   0   0  27  0.35 0.02
   14 W    -2  -2  -3  -2  -3  -1   2  -3  -2  -3  -2  -2  -2   0  -3  -2  -2  11   1  -3    0   0   0   0   0   0  27   0   0   0   0   0   0   0   0   0   0  73   0   0  1.63 0.04
   15 D     0  -1   0   2  -1  -1   0  -1  -1   0   1  -1   0  -1  -1   2   0  -2  -1  -1    2   1   1  20   1   1   2   2   1   1  28   2   1   1   1  29   2   0   1   2  0.10 0.00
   16 A     4  -2  -2  -2  -1  -1  -2  -1  -2   1   0  -1   0  -2  -1   1   0  -3  -2   1   75   0   0   0   0   0   0   0   0  25   0   0   0   0   0   0   0   0   0   0  0.27 0.02
   17 N     0  -1   3   1  -2   0   2  -1  -1  -2  -3   0  -2  -3  -1   2   2  -3  -2  -2    0   0  19   0   0   0  28   0   0   0   0   0   0   0   0  27  25   0   0   0  0.34 0.01
   18 D    -1   0   1   5  -4   3   3  -2   0  -3  -3   0  -2  -4  -2   0  -1  -3  -3  -3    0   0   0  47   0  27  25   0   0   0   0   0   0   0   0   0   0   0   0   0  0.62 0.02
   19 G     0  -3  -1  -2  -2  -2  -2   5  -3  -1  -2  -2  -2  -3  -2  -1  -1  -3  -3   1    0   0   0   0   0   0   0  73   0   0   0   0   0   0   0   0   0   0   0  27  0.61 0.02
   20 L    -1  -1  -1  -3  -2  -1  -2  -3   5   0   2  -2   4   0  -3  -2  -1  -2   0   0    0   0   0   0   0   0   0   0  35   0  29   0  36   0   0   0   0   0   0   0  0.28 0.01
   21 C    -1  -3  -3  -4   8  -3  -4  -3  -3   0   2  -3   0  -1  -3  -2  -1  -2  -2   0    0   0   0   0  64   0   0   0   0   0  36   0   0   0   0   0   0   0   0   0  0.72 0.02
   22 L    -1  -2  -2  -3  -2  -2  -2  -2  -2   0   2  -2   1   4  -3   1  -1  -1   1   0    0   0   0   0   0   0   0   0   0   0  44   0   0  29   0  27   0   0   0   0  0.22 0.02
   23 N    -1  -2   2  -1  -2  -1  -2  -2  -2   2   1  -2   0  -1  -2   0   2  -3  -2   1    0   0  21   0   0   0   0   0   0  27  23   0   0   0   0   0  29   0   0   0  0.16 0.02
   24 R    -1   6  -1  -2  -4   1   0  -2  -1  -3  -3   3  -2  -3  -2  -1  -1  -3  -2  -3    0  73   0   0   0   0   0   0   0   0   0  27   0   0   0   0   0   0   0   0  0.70 0.04
   25 A     1  -2   0   3  -2  -1   0  -1  -2  -3  -3  -1  -2  -3   4   2   0  -4  -3  -2   21   0   0  27   0   0   0   0   0   0   0   0   0   0  23  29   0   0   0   0  0.48 0.02
   26 C     0   0  -1  -2   7  -1  -1  -2  -2  -2  -2   2  -2  -3  -2   1   0  -3  -2  -2    0   0   0   0  48   0   0   0   0   0   0  29   0   0   0  23   0   0   0   0  0.53 0.04
   27 S     0  -2  -1  -2   6  -1  -2  -2   5   0  -1  -2  -1  -2  -2   1   0  -3  -1   1    0   0   0   0  29   0   0   0  27   0   0   0   0   0   0  21   0   0   0  23  0.33 0.03
   28 V     0  -2  -2  -2  -1  -2  -2  -2  -3   2   0  -2   0  -1  -2   2   0  -3  -2   4    0   0   0   0   0   0   0   0   0   0   0   0   0   0   0  29   0   0   0  71  0.24 0.03
   29 D    -1  -1   3   3  -3   0   3   3  -1  -4  -4   0  -3  -4  -2   0  -1  -4  -3  -3    0   0  23  21   0   0  27  29   0   0   0   0   0   0   0   0   0   0   0   0  0.47 0.02
   30 V     0  -3  -3  -3  -1  -2  -3  -3  -3   3   1  -3   1  -1  -3  -2   0  -3  -1   4    0   0   0   0   0   0   0   0   0   0   0   0   0   0   0   0   0   0   0 100  0.38 0.01
   31 V     0  -3  -3  -3  -2  -2  -2  -3  -3   2   0  -2   0  -2   5  -2   0  -3  -2   3    0   0   0   0   0   0   0   0   0   0   0   0   0   0  34   0   0   0   0  66  0.54 0.01
   32 E    -1  -1   0   4  -4   1   5  -2  -1  -4  -3   0  -3  -4  -1   0  -1  -4  -3  -3    0   0   0  34   0   0  66   0   0   0   0   0   0   0   0   0   0   0   0   0  0.69 0.01
   33 D    -2  -2   1   6  -4   0   2  -2  -1  -3  -4  -1  -3  -4  -2   0  -1  -5  -3  -4    0   0   0 100   0   0   0   0   0   0   0   0   0   0   0   0   0   0   0   0  0.97 0.02
   34 W    -2  -3  -4  -4  -2  -2  -3  -3  -3  -1   2  -3   0   1  -4  -3  -2  10   1  -1    0   0   0   0   0   0   0   0   0   0  36   0   0   0   0   0   0  64   0   0  1.37 0.02
   35 D    -2  -2   1   6  -4   0   2  -2  -1  -3  -4  -1  -3  -4  -2   0  -1  -5  -3  -4    0   0   0 100   0   0   0   0   0   0   0   0   0   0   0   0   0   0   0   0  0.97 0.02
   36 T    -1   4   0  -1  -2   0  -1  -2  -1  -2  -2   1  -1  -3  -2   1   3  -3  -2  -1    0  50   0   0   0   0   0   0   0   0   0   0   0   0   0   0  50   0   0   0  0.39 0.00
   37 L    -1  -2  -1  -2  -1  -1  -2  -3  -2   1   3  -2   1  -1  -2   0   3  -2  -1   0    0   0   0   0   0   0   0   0   0   0  50   0   0   0   0   0  50   0   0   0  0.25 0.00
   38 P     0  -1   0  -1  -2  -1  -1  -1  -2  -3  -3  -1  -2  -3   6   3   0  -3  -2  -2    0   0   0   0   0   0   0   0   0   0   0   0   0   0  50  50   0   0   0   0  0.91 0.00
   39 E    -1  -1   1   5  -4   1   4  -2  -1  -3  -4   0  -3  -4  -1   0  -1  -4  -3  -3    0   0   0  50   0   0  50   0   0   0   0   0   0   0   0   0   0   0   0   0  0.69 0.00
   40 Y    -2  -2  -2  -3  -3  -2  -2  -3   2  -1  -1  -2  -1   3  -3  -2  -2   2   7  -1    0   0   0   0   0   0   0   0   0   0   0   0   0   0   0   0   0   0 100   0  0.87 0.00
   41 W    -3  -3  -4  -5  -3  -2  -3  -3  -3  -3  -2  -3  -2   1  -4  -3  -3  11   2  -3    0   0   0   0   0   0   0   0   0   0   0   0   0   0   0   0   0 100   0   0  2.33 0.01