Last position-specific scoring matrix computed, weighted observed percentages rounded down, information per position, and relative weight of gapless real matches to pseudocounts
            A   R   N   D   C   Q   E   G   H   I   L   K   M   F   P   S   T   W   Y   V   A   R   N   D   C   Q   E   G   H   I   L   K   M   F   P   S   T   W   Y   V
    1 M    -1  -2  -3  -3  -1  -1  -2  -3  -2   2   1  -2   4   0  -3  -2   0  -2  -1   3    0   0   0   0   0   0   0   0   0   0   0   0  50   0   0   0   0   0   0  50  0.27 0.00
    2 F    -2  -3  -3  -4  -3  -3  -3  -3  -1   0   0  -3   0   6  -4  -3  -2   1   3  -1    0   0   0   0   0   0   0   0   0   0   0   0   0 100   0   0   0   0   0   0  0.81 0.02
    3 Q    -1   1   0   0  -3   6   2  -2   0  -3  -2   1  -1  -3  -1   0  -1  -2  -2  -2    0   0   0   0   0 100   0   0   0   0   0   0   0   0   0   0   0   0   0   0  0.72 0.03
    4 Y    -1  -2  -2  -3  -2  -2  -2  -3   1   1   0  -2   0   2  -3  -2  -1   1   6   2    0   0   0   0   0   0   0   0   0   0   0   0   0   0   0   0   0   0  66  34  0.51 0.02
    5 I    -1  -3  -3  -3  -1  -3  -3  -4  -3   4   3  -3   1   0  -3  -3  -1  -2  -1   2    0   0   0   0   0   0   0   0   0  65  35   0   0   0   0   0   0   0   0   0  0.38 0.01
    6 Q    -1   1   0   0  -3   3   3  -2   0  -3  -3   3  -1  -3  -1   0  -1  -3  -2  -2    0   0   0   0   0  31  34   0   0   0   0  35   0   0   0   0   0   0   0   0  0.50 0.01
    7 K    -1   1  -1  -1  -2   3   1  -2  -1  -1   0   2   3  -2  -2  -1  -1  -2  -1  -1    0   0   0   0   0  34   0   0   0   0   0  31  35   0   0   0   0   0   0   0  0.27 0.01
    8 L    -2  -2  -4  -4  -1  -2  -3  -4  -3   2   4  -3   2   0  -3  -3  -1  -2  -1   1    0   0   0   0   0   0   0   0   0   0 100   0   0   0   0   0   0   0   0   0  0.49 0.01
    9 R    -1   3   3   0  -3   3   1  -1   0  -3  -3   1  -1  -3  -2   0  -1  -3  -2  -3    0  31  34   0   0  35   0   0   0   0   0   0   0   0   0   0   0   0   0   0  0.47 0.01
   10 A     3   0   0  -1  -1   0   0   0  -1  -2  -2   2  -1  -3  -1   2   0  -3  -2  -1   42   0   0   0   0   0   0   0   0   0   0  31   0   0   0  28   0   0   0   0  0.28 0.02
   11 E    -1   0  -1   0  -3   3   3  -3  -1  -1   1   0   0  -2  -2  -1  -1  -2  -2  -1    0   0   0   0   0  28  42   0   0   0  31   0   0   0   0   0   0   0   0   0  0.31 0.02
   12 G     0  -1   0  -1  -1  -1  -1   4  -1  -2  -2  -1  -1  -2  -1   0   2  -2  -2  -1    2   1   1   1   1   1   2  52   1   1   2   2   1   1   1   2  24   0   1   2  0.38 0.01
   13 P     1  -1  -1  -1  -1  -1  -1  -1  -1  -2  -2  -1  -1  -2   6   0  -1  -2  -2  -1   25   1   1   1   1   1   2   2   1   1   2   2   1   1  51   2   2   0   1   2  0.80 0.01
   14 Q    -1   1   0   0  -3   3   3  -2   0  -3  -3   4  -1  -3  -1   0  -1  -3  -2  -2    0   0   0   0   0  19  31   0   0   0   0  50   0   0   0   0   0   0   0   0  0.49 0.02
   15 E    -1   1   0   0  -3   3   4  -2   0  -3  -3   3  -1  -3  -1   0  -1  -3  -2  -2    0   0   0   0   0  28  42   0   0   0   0  31   0   0   0   0   0   0   0   0  0.52 0.02
   16 W    -2   3  -3  -3  -3  -1  -2  -3  -2  -3  -2  -1  -2   0  -3  -2  -2  10   1  -3    0  31   0   0   0   0   0   0   0   0   0   0   0   0   0   0   0  69   0   0  1.57 0.05
   17 V    -1  -2  -2  -2  -1  -2  -2  -2  -2   2   1  -2   0   3  -2  -1  -1  -1   1   2    2   1   1   1   1   1   2   2   1  32   2   2   1  23   1   2   2   0   1  21  0.13 0.01
   18 F    -1  -2  -2  -2  -2  -2  -2  -2  -1   0   2  -2   1   5  -2  -2  -1   0   2   0    2   1   1   1   1   1   2   2   1   1  25   2   1  51   1   2   2   0   1   2  0.27 0.01
   19 Q    -1   1   0   0  -3   4   3  -2   0  -3  -3   3  -1  -3  -1   0  -1  -3  -2  -2    0   0   0   0   0  42  31   0   0   0   0  28   0   0   0   0   0   0   0   0  0.53 0.02
   20 E     1   0  -1   1  -3   3   4  -1   0  -3  -2   1  -1  -3  -1   0  -1  -3  -2  -2   22   0   0   0   0  28  50   0   0   0   0   0   0   0   0   0   0   0   0   0  0.46 0.02
   21 C     2  -2  -1  -2   4  -1  -2  -1  -2   2   0  -1   0  -2  -2   2   0  -3  -2   1   22   0   0   0  19   0   0   0   0  31   0   0   0   0   0  28   0   0   0   0  0.20 0.01
   22 K    -1   4   0  -1  -3   1   0  -2  -1  -3  -3   4  -2  -3  -1   0  -1  -3  -2  -3    0  31   0   0   0   0   0   0   0   0   0  69   0   0   0   0   0   0   0   0  0.56 0.03
   23 D    -2   0   1   5  -4   0   1  -2  -1  -3  -3   2  -3  -4  -1   0  -1  -4  -3  -3    0   0   0  69   0   0   0   0   0   0   0  31   0   0   0   0   0   0   0   0  0.66 0.03
   24 L    -2  -3  -3  -3  -2  -2  -3  -3  -2   2   2  -2   1   3   3  -2  -1  -1   0   1    0   0   0   0   0   0   0   0   0  31  19   0   0  28  22   0   0   0   0   0  0.37 0.01
   25 N    -1   0   4   1  -3   1   3  -1   0  -3  -3   0  -2  -3  -2   2   0  -3  -2  -3    0   0  47   0   0   0  31   0   0   0   0   0   0   0   0  22   0   0   0   0  0.47 0.02
   26 A     2  -2  -1   3  -2  -1   0  -1  -2  -2  -3  -1  -2  -3   4   0  -1  -3  -3  -2   42   0   0  31   0   0   0   0   0   0   0   0   0   0  28   0   0   0   0   0  0.54 0.02
   27 V    -1  -2   3  -1  -2  -1  -2  -2  -1   1   2  -2   1  -1  -3  -1   0  -3  -2   2    0   0  31   0   0   0   0   0   0   0  28   0   0   0   0   0   0   0   0  42  0.18 0.02
   28 A     2  -1  -1   0  -1   0   2  -1  -1  -2  -2   0  -1  -3  -1   1   2  -3  -2  -1   42   0   0   0   0   0  31   0   0   0   0   0   0   0   0   0  28   0   0   0  0.29 0.02
   29 F    -2  -1  -2  -3  -2  -1  -2  -3  -2   0   2   1   0   5  -3  -2  -2   0   2  -1    0   0   0   0   0   0   0   0   0   0  28  22   0  50   0   0   0   0   0   0  0.30 0.02
   30 R    -2   2   0  -2  -3   0  -1  -3   6  -3  -2   0  -2   0  -3  -1  -2   0   4  -3    0  19   0   0   0   0   0   0  53   0   0   0   0   0   0   0   0   0  28   0  0.59 0.03
   31 F    -2  -3  -3  -4  -3  -3  -3  -3   0  -1   0  -3   0   6  -4  -2  -2   1   5  -1    0   0   0   0   0   0   0   0   0   0   0   0   0  69   0   0   0   0  31   0  0.75 0.03
   32 K    -1   4   0  -1  -3   4   1  -2   0  -3  -2   3  -1  -3  -2   0  -1  -3  -2  -2    0  34   0   0   0  35   0   0   0   0   0  31   0   0   0   0   0   0   0   0  0.51 0.01
   33 D    -1  -1   0   4  -4   1   4  -2   0  -3  -3   0  -2  -3  -1   0  -1  -3  -2  -3    0   0   0  31   0   0  69   0   0   0   0   0   0   0   0   0   0   0   0   0  0.69 0.01
   34 K    -1   2   0  -1  -3   4   1  -2   0  -3  -2   4  -1  -3  -1   0  -1  -3  -2  -2    0   0   0   0   0  35   0   0   0   0   0  65   0   0   0   0   0   0   0   0  0.50 0.02
   35 E    -1  -1   0   1  -2   1   4  -2  -1  -2  -2   0  -2  -3  -1   0   2  -3  -2  -1    0   0   0   0   0   0  65   0   0   0   0   0   0   0   0   0  35   0   0   0  0.48 0.01
   36 R    -1   3   0   3  -3   0   0  -2  -1  -1   0   0   3  -2  -2  -1  -1  -3  -2  -1    0  31   0  35   0   0   0   0   0   0   0   0  34   0   0   0   0   0   0   0  0.27 0.01
   37 P    -1  -1  -1   0  -3   0   3  -2  -1  -3  -3   0  -2  -4   7  -1  -1  -4  -3  -3    0   0   0   0   0   0  34   0   0   0   0   0   0   0  66   0   0   0   0   0  1.28 0.02
   38 R    -1   3  -1  -2  -2   0   0  -2  -1   0  -1   3  -1  -2  -2  -1  -1  -3  -2   1    0  31   0   0   0   0   0   0   0   0   0  34   0   0   0   0   0   0   0  35  0.24 0.01
   39 G    -1  -1   0   1  -3   1   4   3  -1  -4  -3   0  -2  -3  -2   0  -1  -3  -2  -3    0   0   0   0   0   0  69  31   0   0   0   0   0   0   0   0   0   0   0   0  0.56 0.01
   40 Y    -2  -2  -2  -3  -3  -2  -2  -3   2  -2  -1  -2  -1   3  -3  -2  -2   2   7  -1    0   0   0   0   0   0   0   0   0   0   0   0   0   0   0   0   0   0 100   0  0.94 0.03
   41 T     0  -1   0  -1  -1  -1  -1  -2  -2  -1  -1  -1  -1  -2  -1   1   4  -2  -2   0    0   0   0   0   0   0   0   0   0   0   0   0   0   0   0   0   0   0   0   0  0.00     0.00