Last position-specific scoring matrix computed, weighted observed percentages rounded down, information per position, and relative weight of gapless real matches to pseudocounts
            A   R   N   D   C   Q   E   G   H   I   L   K   M   F   P   S   T   W   Y   V   A   R   N   D   C   Q   E   G   H   I   L   K   M   F   P   S   T   W   Y   V
    1 W    -2  -2  -3  -4  -2  -2  -3  -2  -2  -2  -1  -3  -1   1  -3  -2  -2  10   2  -3    0   0   0   0   0   0   0   0   0   0   0   0   0   0   0   0   0   0   0   0  0.00     0.00
    2 K    -1   2   0  -1  -3   1   1  -2  -1  -3  -2   4  -1  -3  -1   0  -1  -3  -2  -2    0   0   0   0   0   0   0   0   0   0   0 100   0   0   0   0   0   0   0   0  0.52 0.00
    3 V     0  -2  -1  -2  -1  -1  -2  -2  -2   1   0  -1   0  -1  -2   0   3  -3  -1   2    0   0   0   0   0   0   0   0   0   0   0   0   0   0   0   0  50   0   0  50  0.25 0.00
    4 T     0  -1   0  -1  -1  -1  -1  -2  -2  -1  -1  -1  -1  -2  -1   1   5  -2  -2   0    0   0   0   0   0   0   0   0   0   0   0   0   0   0   0   0 100   0   0   0  0.47 0.00
    5 R    -1   4   0  -1  -3   1   0  -2   0  -3  -2   4  -1  -3  -2   0  -1  -3  -2  -2    0  50   0   0   0   0   0   0   0   0   0  50   0   0   0   0   0   0   0   0  0.55 0.00
    6 K    -1   2   0  -1  -3   1   1  -2  -1  -3  -2   4  -1  -3  -1   0  -1  -3  -2  -2    0   0   0   0   0   0   0   0   0   0   0 100   0   0   0   0   0   0   0   0  0.52 0.00
    7 D    -2  -2   1   6  -3   0   1  -1  -1  -3  -4  -1  -3  -3  -1   0  -1  -4  -3  -3    0   0   0 100   0   0   0   0   0   0   0   0   0   0   0   0   0   0   0   0  0.93 0.00
    8 G     0  -1   0  -1  -3  -1  -1   4   5  -4  -3  -1  -2  -2  -2  -1  -2  -2   0  -3    0   0   0   0   0   0   0  63  37   0   0   0   0   0   0   0   0   0   0   0  0.67 0.01
    9 N    -1   0   3   0  -2   0   0  -2  -1   0  -1   2  -1  -2  -2   0   0  -3  -2   1    0   0  30   0   0   0   0   0   0   0   0  37   0   0   0   0   0   0   0  33  0.17 0.00
   10 A     2   0  -1  -1  -2   0   0  -1  -1  -2  -2   2  -2  -3   5   0  -1  -3  -2  -1   30   0   0   0   0   0   0   0   0   0   0  33   0   0  37   0   0   0   0   0  0.62 0.00
   11 S     1   0   0   0  -1   3   1  -1   0  -2  -2   0  -1  -3  -1   3   1  -2  -2  -2    0   0   0   0   0  37   0   0   0   0   0   0   0   0   0  63   0   0   0   0  0.39 0.01
   12 G     0  -2  -1  -2  -2  -2  -2   4  -2   0  -1  -1  -1  -2  -2   0   2  -3  -2   1    0   0   0   0   0   0   0  46   0   0   0   0   0   0   0   0  30   0   0  24  0.34 0.01
   13 T     0  -1   0  -1  -1   2   0  -2  -1   0   0   0   3  -2  -1   0   3  -2  -1   0    0   0   0   0   0  24   0   0   0   0   0   0  26   0   0   0  50   0   0   0  0.25 0.01
   14 T    -1   1  -1  -1   5   0   0  -2  -1  -2  -2   3  -1  -3  -1   0   1  -3  -2  -1    0   0   0   0  26   0   0   0   0   0   0  54   0   0   0   0  20   0   0   0  0.35 0.01
   15 L    -1  -2  -3  -3  -2  -2  -2  -3  -3   1   3  -2   1   0   4  -2  -1  -2  -2   0    0   0   0   0   0   0   0   0   0   0  70   0   0   0  30   0   0   0   0   0  0.53 0.01
   16 L    -1   0  -2  -3  -2  -1  -1  -3  -2   1   3   1   1   0  -2  -2  -1  -2  -1   0    0   0   0   0   0   0   0   0   0   0  75  25   0   0   0   0   0   0   0   0  0.27 0.02
   17 E    -1   0   2   3  -3   1   4  -2   0  -3  -3   0  -2  -3  -1   0  -1  -3  -2  -3    0   0  19  19   0   0  62   0   0   0   0   0   0   0   0   0   0   0   0   0  0.60 0.02
   18 A     4  -1  -1  -1  -1   2   0   0  -1  -2  -2   0  -1  -2  -1   1   0  -2  -2  -1   79   0   0   0   0  21   0   0   0   0   0   0   0   0   0   0   0   0   0   0  0.36 0.02
   19 L     1  -1  -2  -2  -1  -1  -1  -1  -2   2   1  -1   1  -1  -1  -1   0  -2  -1   2   21   1   1   1   0   1   2   2   1  23  17   1   1   1   1   2   1   0   1  21  0.10 0.00
   20 D    -1  -1   1   5  -2   0   1  -1  -1  -2  -2  -1  -2  -2  -1   0  -1  -2  -2  -2    2   1   1  76   0   1   2   2   1   1   2   1   1   1   1   2   1   0   1   2  0.61 0.02
   21 C     0  -1   0  -1   4   0  -1  -1  -1  -1  -1  -1  -1  -2  -1   2   2  -2  -1  -1    2   1   1   1  16   1   2   2   1   1   2   1   1   1   1  42  21   0   1   2  0.23 0.01
   22 I    -1  -2  -2  -2  -1  -1  -2  -2   0   1   1  -2   0   3  -2  -1  -1   0   3   0    2   1   1   1   0   1   2   2   1  16  21   1   1  22   1   2   1   0  20   2  0.18 0.01
   23 L    -1   0  -1   0  -2   0   2  -2  -1   1   1   1   0  -1  -1  -1  -1  -2  -1   0    2   1   1   1   0   1  21   2   1  20  17  23   1   1   1   2   1   0   1   2  0.08 0.00
   24 P    -1  -2  -2  -2  -3  -1  -1  -2  -2  -3  -3  -1  -3  -4   7  -1  -1  -4  -3  -2    0   0   0   0   0   0   0   0   0   0   0   0   0   0 100   0   0   0   0   0  2.11 0.04
   25 P     0  -1  -1  -1  -2   2   0  -2  -1  -3  -3   0  -2  -3   6   1   0  -3  -2  -2    0   0   0   0   0  19   0   0   0   0   0   0   0   0  56  25   0   0   0   0  1.01 0.02
   26 T     0  -1   0  -1  -1   2   0  -2  -1  -1  -1   0  -1  -2  -1   1   4  -2  -2  -1    0   0   0   0   0  21   0   0   0   0   0   0   0   0   0   0  79   0   0   0  0.43 0.03
   27 R    -1   5   0  -1  -3   1   0  -2   0  -3  -2   3  -1  -3  -2  -1  -1  -3  -2  -3    0  75   0   0   0   0   0   0   0   0   0  25   0   0   0   0   0   0   0   0  0.68 0.03
   28 P     0  -2  -1   2  -2  -1   0  -2  -2  -3  -3  -1  -2  -3   6   1   0  -4  -3  -2    0   0   0  19   0   0   0   0   0   0   0   0   0   0  60  21   0   0   0   0  1.10 0.02
   29 T    -1  -2  -1  -2  -1  -1  -2  -2  -2   2   1  -1   0  -1  -2   0   3  -2  -1   1    0   0   0   0   0   0   0   0   0  21  19   0   0   0   0   0  60   0   0   0  0.26 0.02
   30 D    -2  -1   1   5  -4   0   3  -2  -1  -3  -3   0  -3  -3  -1   0  -1  -4  -3  -3    0   0   0  75   0   0  25   0   0   0   0   0   0   0   0   0   0   0   0   0  0.82 0.03
   31 K    -1   2   0  -1  -3   1   1  -2  -1  -3  -3   5  -1  -3  -1   0  -1  -3  -2  -2    0   0   0   0   0   0   0   0   0   0   0 100   0   0   0   0   0   0   0   0  0.59 0.03
   32 P    -1  -2  -2  -2  -3  -1  -1  -2  -1  -3  -3  -1  -2  -1   7  -1  -1  -1   2  -2    0   0   0   0   0   0   0   0   0   0   0   0   0   0  81   0   0   0  19   0  1.57 0.03
   33 L    -2  -3  -3  -4  -2  -3  -3  -3  -2   1   3  -3   1   5  -3  -2  -2   0   2   0    0   0   0   0   0   0   0   0   0   0  49   0   0  51   0   0   0   0   0   0  0.47 0.01
   34 R    -1   4  -1  -2  -3   0  -1  -3  -1  -1   1   1   0  -2   4  -1  -1  -3  -2  -1    0  47   0   0   0   0   0   0   0   0  25   0   0   0  27   0   0   0   0   0  0.49 0.01
   35 L    -1  -2  -3  -3  -2  -2  -2  -3  -3   1   3  -2   1   0   4  -2  -1  -2  -2   0    0   0   0   0   0   0   0   0   0   0  73   0   0   0  27   0   0   0   0   0  0.52 0.01
   36 P    -1  -2  -2  -1   5   0   2  -2  -2  -2  -2  -1  -2  -3   5  -1  -1  -3  -3  -2    0   0   0   0  26   0  27   0   0   0   0   0   0   0  47   0   0   0   0   0  0.91 0.02
   37 L    -1  -2  -3  -3  -1  -2  -3  -3  -3   2   3  -2   1   0  -3  -2  -1  -2  -1   3    0   0   0   0   0   0   0   0   0   0  49   0   0   0   0   0   0   0   0  51  0.34 0.01
   38 Q     0   0   0   0  -2   4   3  -1   0  -3  -2   1  -1  -3  -1   2   0  -2  -2  -2    0   0   0   0   0  49  25   0   0   0   0   0   0   0   0  26   0   0   0   0  0.47 0.01
   39 D    -1  -2   0   4  -2  -1   1  -1  -1  -3  -3  -1  -2  -3   4   1   0  -4  -3  -3    0   0   0  47   0   0   0   0   0   0   0   0   0   0  27  25   0   0   0   0  0.68 0.01
   40 V     0  -3  -3  -3  -1  -2  -3  -3  -3   2   1  -2   1  -1  -2  -2   0  -3  -1   4    0   0   0   0   0   0   0   0   0   0   0   0   0   0   0   0   0   0   0 100  0.40 0.02
   41 Y    -2  -2  -2  -3  -2  -2  -2  -3   1  -1  -1  -2  -1   4  -3  -2  -2   2   6  -1    0   0   0   0   0   0   0   0   0   0   0   0   0  34   0   0   0   0  66   0  0.76 0.01