Last position-specific scoring matrix computed, weighted observed percentages rounded down, information per position, and relative weight of gapless real matches to pseudocounts
            A   R   N   D   C   Q   E   G   H   I   L   K   M   F   P   S   T   W   Y   V   A   R   N   D   C   Q   E   G   H   I   L   K   M   F   P   S   T   W   Y   V
    1 P    -1  -2  -2  -2  -3  -2  -1  -2  -2  -3  -3  -1  -3  -4   8  -1  -1  -4  -3  -3    0   0   0   0   0   0   0   0   0   0   0   0   0   0 100   0   0   0   0   0  2.09 0.02
    2 L    -2  -2  -4  -4  -1  -2  -3  -4  -3   2   4  -3   2   0  -3  -3  -1  -2  -1   1    0   0   0   0   0   0   0   0   0   0 100   0   0   0   0   0   0   0   0   0  0.49 0.01
    3 P    -1  -2  -2  -2  -3  -2  -1  -2  -2  -3  -3  -1  -3  -4   8  -1  -1  -4  -3  -3    0   0   0   0   0   0   0   0   0   0   0   0   0   0 100   0   0   0   0   0  2.09 0.02
    4 E    -2  -1   4   3  -3   0   1  -2  -1  -1   1  -1  -1  -2  -2   0  -1  -3  -2  -2    0   0  39  24   0   0  12   0   0   0  26   0   0   0   0   0   0   0   0   0  0.29 0.01
    5 V     1  -1   2   3  -2  -1   0  -1   3   0  -2  -1  -1  -2  -2   1   0  -3  -1   1   12   0  13  26   0   0   0   0  13   0   0   0   0   0   0  13   0   0   0  23  0.17 0.00
    6 V    -1  -2  -2  -2  -1  -2  -2  -3  -3   3   1  -2   0  -1  -2   0   3  -3  -2   2    0   0   0   0   0   0   0   0   0  39   0   0   0   0   0   0  38   0   0  23  0.24 0.01
    7 R    -2   6  -1  -2  -4   1   0  -3   0  -3  -2   2  -2  -3  -2  -1  -1  -3  -2  -3    0 100   0   0   0   0   0   0   0   0   0   0   0   0   0   0   0   0   0   0  0.81 0.02
    8 Q    -1   0  -1  -1  -3   5   1  -2   3  -1   1   0   0  -2  -2  -1  -1  -2  -1  -1    0   0   0   0   0  61   0   0  13   0  25   0   0   0   0   0   0   0   0   0  0.34 0.01
    9 R    -1   4   0  -1  -3   3   1  -2   0  -3  -3   4  -1  -3  -2   0  -1  -3  -2  -3    0  35   0   0   0  26   0   0   0   0   0  39   0   0   0   0   0   0   0   0  0.51 0.01
   10 I    -2  -3  -4  -3  -1  -3  -4  -4  -4   5   2  -3   1   0  -3  -3  -1  -3  -2   3    0   0   0   0   0   0   0   0   0 100   0   0   0   0   0   0   0   0   0   0  0.44 0.01
   11 V     0  -3  -3  -4  -1  -2  -3  -4  -3   3   1  -3   1  -1  -3  -2   0  -3  -1   4    0   0   0   0   0   0   0   0   0   0   0   0   0   0   0   0   0   0   0 100  0.39 0.01
   12 D    -1   2   0   2  -4   3   4  -2   0  -3  -3   1  -2  -4  -1   0  -1  -3  -2  -3    0  13   0  12   0  13  62   0   0   0   0   0   0   0   0   0   0   0   0   0  0.57 0.01
   13 L    -1  -2  -3  -4  -1  -2  -3  -4  -3   1   4  -2   4   0  -3  -2  -1  -2  -1   1    0   0   0   0   0   0   0   0   0   0  74   0  26   0   0   0   0   0   0   0  0.41 0.01
   14 A     4  -2  -2  -2  -1  -1  -1   0  -2  -2  -2  -1  -1  -2  -1   1   0  -3  -2   0  100   0   0   0   0   0   0   0   0   0   0   0   0   0   0   0   0   0   0   0  0.44 0.01
   15 H     0  -1   0  -2  -2   1   0  -2   6   0  -1  -1  -1  -1  -2  -1  -1  -3   0   0   13   0   0   0   0  12   0   0  49  13   0   0   0   0   0   0   0   0   0  13  0.29 0.01
   16 Q    -1   2   0   2  -2   3   1  -2   3  -2  -1   0  -1  -2  -2   1   0  -3  -1  -2    0  13   0  13   0  23   0   0  13   0  12   0   0   0   0  25   0   0   0   0  0.20 0.00
   17 G     0  -3  -1  -2  -3  -2  -2   6  -2  -4  -4  -2  -3  -3  -2   0  -2  -3  -3  -4    0   0   0   0   0   0   0 100   0   0   0   0   0   0   0   0   0   0   0   0  1.09 0.01
   18 V     0  -2  -3  -3  -1  -2  -3  -3  -3   3   1  -2   3  -1  -3  -1  -1  -3  -1   3   13   0   0   0   0   0   0   0   0  39   0   0  26   0   0   0   0   0   0  23  0.24 0.01
   19 R    -2   6  -1  -2  -4   1   0  -3   0  -3  -2   2  -2  -3  -2  -1  -1  -3  -2  -3    0 100   0   0   0   0   0   0   0   0   0   0   0   0   0   0   0   0   0   0  0.81 0.02
   20 P    -1  -2  -2  -2  -3  -2  -1  -2  -2  -3  -3  -1  -3  -4   8  -1  -1  -4  -3  -3    0   0   0   0   0   0   0   0   0   0   0   0   0   0 100   0   0   0   0   0  2.09 0.02
   21 C    -1  -4  -3  -4  10  -3  -4  -3  -3  -1  -2  -3  -2  -3  -3  -1  -1  -3  -3  -1    0   0   0   0 100   0   0   0   0   0   0   0   0   0   0   0   0   0   0   0  1.35 0.02
   22 D    -1  -2   1   5  -3  -1   1  -2  -2   0  -2  -1  -2  -3  -2  -1  -1  -4  -3   1    0   0   0  74   0   0   0   0   0   0   0   0   0   0   0   0   0   0   0  26  0.54 0.01
   23 I    -2  -3  -4  -3  -1  -3  -4  -4  -4   5   2  -3   1   0  -3  -3  -1  -3  -2   3    0   0   0   0   0   0   0   0   0 100   0   0   0   0   0   0   0   0   0   0  0.44 0.01
   24 S     1  -1   1   0  -1   0   0   0  -1  -3  -3   0  -2  -3  -1   4   1  -3  -2  -2    0   0   0   0   0   0   0   0   0   0   0   0   0   0   0 100   0   0   0   0  0.50 0.02
   25 R    -2   6  -1  -2  -4   1   0  -3   0  -3  -2   2  -2  -3  -2  -1  -1  -3  -2  -3    0 100   0   0   0   0   0   0   0   0   0   0   0   0   0   0   0   0   0   0  0.81 0.02
   26 Q    -1   0  -1  -1  -2   5   1  -2   0   1  -1   0   0  -2  -2   1   0  -2  -2   0    0   0   0   0   0  62   0   0   0  25   0   0   0   0   0  13   0   0   0   0  0.30 0.01
   27 L    -2  -2  -4  -4  -1  -2  -3  -4  -3   2   4  -3   2   0  -3  -3  -1  -2  -1   1    0   0   0   0   0   0   0   0   0   0 100   0   0   0   0   0   0   0   0   0  0.49 0.01
   28 R    -1   5   0  -1  -4   2   0  -2   0  -3  -2   3  -1  -3  -2  -1  -1  -3  -2  -3    0  62   0   0   0  13   0   0   0   0   0  26   0   0   0   0   0   0   0   0  0.59 0.01
   29 V     0  -3  -3  -4  -1  -2  -3  -4  -3   3   1  -3   1  -1  -3  -2   0  -3  -1   4    0   0   0   0   0   0   0   0   0   0   0   0   0   0   0   0   0   0   0 100  0.39 0.01
   30 S     1  -1   1   0  -1   0   0   0  -1  -3  -3   0  -2  -3  -1   4   1  -3  -2  -2    0   0   0   0   0   0   0   0   0   0   0   0   0   0   0 100   0   0   0   0  0.50 0.02
   31 H    -2   0   4   0  -3   0   0  -2   7  -4  -3  -1  -2  -2  -2   0  -1  -3   1  -3    0   0  38   0   0   0   0   0  62   0   0   0   0   0   0   0   0   0   0   0  0.68 0.02
   32 G     0  -3  -1  -2  -3  -2  -2   6  -2  -4  -4  -2  -3  -3  -2   0  -2  -3  -3  -4    0   0   0   0   0   0   0 100   0   0   0   0   0   0   0   0   0   0   0   0  1.09 0.01
   33 C    -1  -4  -3  -4  10  -3  -4  -3  -3  -1  -2  -3  -2  -3  -3  -1  -1  -3  -3  -1    0   0   0   0 100   0   0   0   0   0   0   0   0   0   0   0   0   0   0   0  1.35 0.02
   34 V     0  -3  -3  -4  -1  -2  -3  -4  -3   3   1  -3   1  -1  -3  -2   0  -3  -1   4    0   0   0   0   0   0   0   0   0   0   0   0   0   0   0   0   0   0   0 100  0.39 0.01
   35 S     1  -1   1   0  -1   0   0   0  -1  -3  -3   0  -2  -3  -1   4   1  -3  -2  -2    0   0   0   0   0   0   0   0   0   0   0   0   0   0   0 100   0   0   0   0  0.50 0.02
   36 K    -1   2   0  -1  -3   1   1  -2  -1  -3  -3   5  -2  -3  -1   0  -1  -3  -2  -3    0   0   0   0   0   0   0   0   0   0   0 100   0   0   0   0   0   0   0   0  0.57 0.02
   37 I    -2  -3  -4  -3  -1  -3  -4  -4  -4   5   2  -3   1   0  -3  -3  -1  -3  -2   3    0   0   0   0   0   0   0   0   0 100   0   0   0   0   0   0   0   0   0   0  0.44 0.01
   38 L    -2  -2  -4  -4  -1  -2  -3  -4  -3   2   4  -3   2   0  -3  -3  -1  -2  -1   1    0   0   0   0   0   0   0   0   0   0 100   0   0   0   0   0   0   0   0   0  0.49 0.01
   39 G     1  -2   1  -1   4  -2  -2   5  -2  -3  -3  -2  -2  -3  -2   0  -1  -3  -3  -2   12   0  13   0  13   0   0  61   0   0   0   0   0   0   0   0   0   0   0   0  0.59 0.01
   40 R    -2   6  -1  -2  -4   1   0  -3   0  -3  -2   2  -2  -3  -2  -1  -1  -3  -2  -3    0 100   0   0   0   0   0   0   0   0   0   0   0   0   0   0   0   0   0   0  0.81 0.02
   41 Y    -2  -2  -2  -3  -2  -1  -2  -3   2  -1  -1  -2  -1   3  -3  -2  -2   2   7  -1    0   0   0   0   0   0   0   0   0   0   0   0   0   0   0   0   0   0   0   0  0.00     0.00