Last position-specific scoring matrix computed, weighted observed percentages rounded down, information per position, and relative weight of gapless real matches to pseudocounts
            A   R   N   D   C   Q   E   G   H   I   L   K   M   F   P   S   T   W   Y   V   A   R   N   D   C   Q   E   G   H   I   L   K   M   F   P   S   T   W   Y   V
    1 L    -1  -2  -3  -4  -1  -2  -3  -4  -3   2   4  -2   4   0  -3  -2  -1  -2  -1   1    0   0   0   0   0   0   0   0   0   0  78   0  22   0   0   0   0   0   0   0  0.41 0.01
    2 A     4  -2  -2  -2  -1  -1  -1   0  -2  -2  -2  -1  -1  -2  -1   1   0  -3  -2   0  100   0   0   0   0   0   0   0   0   0   0   0   0   0   0   0   0   0   0   0  0.43 0.01
    3 H     0  -1   0  -2  -2   1  -1  -2   6   1  -1  -1   0  -1  -2  -1  -1  -3   1   0   11   0   0   0   0  11   0   0  49  19   0   0   0   0   0   0   0   0   0  10  0.28 0.01
    4 Q    -1   2   0   1  -3   3   1  -2   3  -2  -1   1  -1  -2  -2   1   0  -3  -1  -2    0  19   0  11   0  28   0   0  11   0  11   0   0   0   0  20   0   0   0   0  0.23 0.00
    5 G     0  -3  -1  -1  -3  -2  -2   6  -2  -4  -4  -2  -3  -3  -2   0  -2  -3  -3  -3    0   0   0   0   0   0   0 100   0   0   0   0   0   0   0   0   0   0   0   0  1.07 0.01
    6 V     0  -2  -3  -3  -1  -2  -3  -3  -3   3   1  -2   3  -1  -3  -1  -1  -2  -1   3   10   0   0   0   0   0   0   0   0  33   0   0  29   0   0   0   0   0   0  28  0.24 0.00
    7 R    -2   6  -1  -2  -4   1   0  -3   0  -3  -2   2  -2  -3  -2  -1  -1  -3  -2  -3    0 100   0   0   0   0   0   0   0   0   0   0   0   0   0   0   0   0   0   0  0.79 0.01
    8 P    -1  -2  -2  -2  -3  -1  -1  -2  -2  -3  -3  -1  -3  -4   8  -1  -1  -4  -3  -3    0   0   0   0   0   0   0   0   0   0   0   0   0   0 100   0   0   0   0   0  2.08 0.01
    9 C    -1  -4  -3  -4  10  -3  -4  -3  -3  -1  -2  -3  -2  -3  -3  -1  -1  -3  -3  -1    0   0   0   0 100   0   0   0   0   0   0   0   0   0   0   0   0   0   0   0  1.31 0.02
   10 D    -1  -2   1   6  -3  -1   1  -2  -2  -1  -2  -1  -2  -3  -2  -1  -1  -4  -3   0    0   0   0  78   0   0   0   0   0   0   0   0   0   0   0   0   0   0   0  22  0.58 0.01
   11 I    -2  -3  -4  -3  -1  -3  -4  -4  -4   5   2  -3   1   0  -3  -3  -1  -3  -2   3    0   0   0   0   0   0   0   0   0 100   0   0   0   0   0   0   0   0   0   0  0.42 0.01
   12 S     1  -1   1   0  -1   0   0   0  -1  -3  -3   0  -2  -3  -1   4   1  -3  -2  -2    0   0   0   0   0   0   0   0   0   0   0   0   0   0   0 100   0   0   0   0  0.48 0.01
   13 R    -2   6  -1  -2  -4   1   0  -3   0  -3  -2   2  -2  -3  -2  -1  -1  -3  -2  -3    0 100   0   0   0   0   0   0   0   0   0   0   0   0   0   0   0   0   0   0  0.79 0.01
   14 Q     0   0   0  -1  -2   5   1  -2   0   1  -1   1   0  -2  -2   1   0  -2  -2   0    0   0   0   0   0  61   0   0   0  20   0   0   0   0   0  19   0   0   0   0  0.30 0.01
   15 L    -2  -2  -4  -4  -1  -2  -3  -4  -3   2   4  -3   2   0  -3  -3  -1  -2  -1   1    0   0   0   0   0   0   0   0   0   0 100   0   0   0   0   0   0   0   0   0  0.48 0.01
   16 R    -1   5   0  -1  -4   2   0  -2   0  -3  -2   3  -1  -3  -2  -1  -1  -3  -2  -3    0  61   0   0   0  10   0   0   0   0   0  29   0   0   0   0   0   0   0   0  0.58 0.01
   17 V     0  -3  -3  -3  -1  -2  -3  -3  -3   3   1  -3   1  -1  -3  -2   0  -3  -1   4    0   0   0   0   0   0   0   0   0   0   0   0   0   0   0   0   0   0   0 100  0.38 0.01
   18 S     1  -1   1   0  -1   0   0   0  -1  -3  -3   0  -2  -3  -1   4   1  -3  -2  -2    0   0   0   0   0   0   0   0   0   0   0   0   0   0   0 100   0   0   0   0  0.48 0.01
   19 H    -2   0   4   0  -3   0   0  -1   7  -4  -3  -1  -2  -2  -2   0  -1  -3   1  -3    0   0  39   0   0   0   0   0  61   0   0   0   0   0   0   0   0   0   0   0  0.66 0.01
   20 G     0  -3  -1  -1  -3  -2  -2   6  -2  -4  -4  -2  -3  -3  -2   0  -2  -3  -3  -3    0   0   0   0   0   0   0 100   0   0   0   0   0   0   0   0   0   0   0   0  1.07 0.01
   21 C    -1  -4  -3  -4  10  -3  -4  -3  -3  -1  -2  -3  -2  -3  -3  -1  -1  -3  -3  -1    0   0   0   0 100   0   0   0   0   0   0   0   0   0   0   0   0   0   0   0  1.31 0.02
   22 V     0  -3  -3  -3  -1  -2  -3  -3  -3   3   1  -3   1  -1  -3  -2   0  -3  -1   4    0   0   0   0   0   0   0   0   0   0   0   0   0   0   0   0   0   0   0 100  0.38 0.01
   23 S     1  -1   1   0  -1   0   0   0  -1  -3  -3   0  -2  -3  -1   4   1  -3  -2  -2    0   0   0   0   0   0   0   0   0   0   0   0   0   0   0 100   0   0   0   0  0.48 0.01
   24 K    -1   2   0  -1  -3   1   1  -2  -1  -3  -3   5  -2  -3  -1   0  -1  -3  -2  -3    0   0   0   0   0   0   0   0   0   0   0 100   0   0   0   0   0   0   0   0  0.55 0.01
   25 I    -2  -3  -4  -3  -1  -3  -4  -4  -4   5   2  -3   1   0  -3  -3  -1  -3  -2   3    0   0   0   0   0   0   0   0   0 100   0   0   0   0   0   0   0   0   0   0  0.42 0.01
   26 L    -2  -2  -4  -4  -1  -2  -3  -4  -3   2   4  -3   2   0  -3  -3  -1  -2  -1   1    0   0   0   0   0   0   0   0   0   0 100   0   0   0   0   0   0   0   0   0  0.48 0.01
   27 G     1  -2   1  -1   3  -2  -2   5  -2  -3  -3  -2  -2  -3  -2   0  -1  -3  -3  -3   11   0  11   0  11   0   0  67   0   0   0   0   0   0   0   0   0   0   0   0  0.63 0.01
   28 R    -2   6  -1  -2  -4   1   0  -3   0  -3  -2   2  -2  -3  -2  -1  -1  -3  -2  -3    0 100   0   0   0   0   0   0   0   0   0   0   0   0   0   0   0   0   0   0  0.79 0.01
   29 Y    -2  -2  -2  -3  -3  -2  -2  -3   1   0  -1  -2  -1   3  -3  -2  -2   2   7  -1    0   0   0   0   0   0   0   0   0  11   0   0   0   0   0   0   0   0  89   0  0.77 0.01
   30 Y    -2  -1   1  -2  -3   2  -1  -3   1   0  -1  -1  -1   2  -3  -1  -1   1   6  -1    0   0  11   0   0  22   0   0   0  11   0   0   0   0   0   0   0   0  56   0  0.38 0.01
   31 E    -1   4   0   1  -4   2   4  -2   0  -3  -3   1  -2  -3  -2   0  -1  -3  -2  -3    0  40   0   0   0   0  60   0   0   0   0   0   0   0   0   0   0   0   0   0  0.57 0.01
   32 T     0  -1   0  -1  -1  -1  -1  -2  -2  -1  -1  -1  -1  -2  -1   1   5  -3  -2   0    0   0   0   0   0   0   0   0   0   0   0   0   0   0   0   0 100   0   0   0  0.51 0.01
   33 G     0  -3  -1  -1  -3  -2  -2   6  -2  -4  -4  -2  -3  -3  -2   0  -2  -3  -3  -3    0   0   0   0   0   0   0 100   0   0   0   0   0   0   0   0   0   0   0   0  1.07 0.01
   34 S     1  -1   0  -1  -1  -1  -1  -1  -2   0  -1  -1  -1  -2  -1   3   1  -3  -2   2    0   0   0   0   0   0   0   0   0   0   0   0   0   0   0  67   0   0   0  33  0.23 0.01
   35 I    -2  -3  -4  -4  -1  -3  -3  -4  -3   4   3  -3   2   0  -3  -3  -1  -2  -1   2    0   0   0   0   0   0   0   0   0  67  33   0   0   0   0   0   0   0   0   0  0.37 0.01
   36 R    -1   4  -1   0  -3   1   3  -2  -1  -2  -1   2  -1  -3  -2  -1  -1  -3  -2  -2    0  45   0   0   0   0  33   0   0   0  12  10   0   0   0   0   0   0   0   0  0.39 0.00
   37 P    -1  -2  -2  -2  -3  -1  -1  -2  -2  -3  -3  -1  -3  -4   8  -1  -1  -4  -3  -3    0   0   0   0   0   0   0   0   0   0   0   0   0   0 100   0   0   0   0   0  2.07 0.01
   38 G     0   2   0  -1  -3   0  -1   5  -2  -4  -3   2  -2  -3  -2   0  -1  -3  -3  -3    0  15   0   0   0   0   0  66   0   0   0  19   0   0   0   0   0   0   0   0  0.61 0.01
   39 V     2  -2  -2  -3   5  -2  -2  -1  -3   1   0  -2   0  -2  -2   0   0  -3  -2   2   42   0   0   0  19   0   0   0   0   0   0   0   0   0   0   0   0   0   0  38  0.25 0.00
   40 I    -2  -3  -4  -3  -1  -3  -4  -4  -4   5   2  -3   1   0  -3  -3  -1  -3  -2   3    0   0   0   0   0   0   0   0   0 100   0   0   0   0   0   0   0   0   0   0  0.42 0.01
   41 G     0  -2   0  -1  -2  -2  -2   6  -2  -4  -4  -2  -3  -3  -2   0  -2  -2  -3  -3    0   0   0   0   0   0   0   0   0   0   0   0   0   0   0   0   0   0   0   0  0.00     0.00